=== Matrix Properties ===
Is Square             : Yes
Is Symmetric          : No
Is Identity           : No
Is Null               : No
Is Diagonal           : No
Is Diagonally Dominant: No
Determinant           : -3.42032e+98
=========================

=== Gaussian Elimination ===
Upper Triangular Matrix:
-380.049 71.6644 -18.4853 9.17157 -6 4.61984 -4 71.6644 0 0 0 0 0 0 -18.4853 0 0 0 0 0 0 9.17157 0 0 0 0 0 0 -6 0 0 0 0 0 0 4.61984 0 0 0 0 0 0 -4 0 0 0 0 0 0 
0 -229.229 21.6086 -5.13031 2.41275 -1.56193 1.23964 6.79554 71.6644 0 0 0 0 0 -1.75286 -18.4853 0 0 0 0 0 0.869689 9.17157 0 0 0 0 0 -0.568947 -6 0 0 0 0 0 0.438074 4.61984 0 0 0 0 0 -0.379298 -4 0 0 0 0 0 
0 0 -214.154 14.3146 -3.73172 1.91012 -1.3624 -0.642581 5.15498 71.6644 0 0 0 0 0.165749 -1.32969 -18.4853 0 0 0 0 -0.0822371 0.659731 9.17157 0 0 0 0 0.0537991 -0.431593 -6 0 0 0 0 -0.0414239 0.332315 4.61984 0 0 0 0 0.0358661 -0.287729 -4 0 0 0 0 
0 0 0 -211.005 13.3523 -3.82947 2.21522 0.296726 -0.794476 4.41975 71.6644 0 0 0 -0.0765382 0.204929 -1.14004 -18.4853 0 0 0 0.0379749 -0.101677 0.565637 9.17157 0 0 0 -0.024843 0.0665163 -0.370037 -6 0 0 0 0.0191284 -0.0512158 0.284919 4.61984 0 0 0 -0.016562 0.0443442 -0.246691 -4 0 0 0 
2.22045e-16 0 4.44089e-16 -1.77636e-15 -214.974 17.2929 -5.79815 -0.200313 0.420796 -0.953089 4.92479 71.6644 0 0 0.0516692 -0.108541 0.245842 -1.27031 -18.4853 0 0 -0.025636 0.0538532 -0.121976 0.630272 9.17157 0 0 0.0167709 -0.0352305 0.079796 -0.412321 -6 0 0 -0.0129132 0.0271266 -0.0614408 0.317476 4.61984 0 0 0.0111806 -0.023487 0.0531973 -0.274881 -4 0 0 
0 0 0 0 0 -234.022 35.3162 0.21739 -0.397343 0.696203 -1.4246 7.63637 71.6644 0 -0.0560739 0.102492 -0.17958 0.367464 -1.96974 -18.4853 0 0.0278214 -0.0508518 0.0890997 -0.182319 0.977298 9.17157 0 -0.0182006 0.033267 -0.0582886 0.119273 -0.639344 -6 0 0.014014 -0.0256147 0.0448807 -0.0918367 0.492278 4.61984 0 -0.0121337 0.022178 -0.0388591 0.079515 -0.426229 -4 0 
0 -4.44089e-16 0 0 0 0 -368.825 -0.529699 0.891551 -1.35336 2.097 -3.63137 21.423 71.6644 0.136632 -0.229969 0.349089 -0.540904 0.936684 -5.5259 -18.4853 -0.0677905 0.1141 -0.173202 0.268372 -0.464741 2.7417 9.17157 0.0443482 -0.0746438 0.113308 -0.175568 0.304031 -1.79361 -6 -0.034147 0.0574737 -0.0872443 0.135183 -0.234096 1.38103 4.61984 0.0295655 -0.0497625 0.0755388 -0.117045 0.202688 -1.19574 -4 
0 0 0 0 5.55112e-17 0 0 -229.022 73.7577 -18.8401 9.37647 -6.13224 4.70695 -4.05176 21.5552 -0.539936 0.0915235 -0.0528518 0.0341095 -0.0224703 0.0133503 -5.10384 0.267892 -0.0454099 0.0262227 -0.0169236 0.0111487 -0.00662382 2.39544 -0.175254 0.0297069 -0.0171548 0.0110714 -0.00729345 0.00433327 -1.54859 0.134941 -0.0228736 0.0132087 -0.00852465 0.00561577 -0.0033365 1.2281 -0.116836 0.0198046 -0.0114365 0.00738091 -0.0048623 0.00288885 
0 0 4.44089e-16 0 0 0 0 0 -68.7017 21.4323 -4.66975 2.07572 -1.28566 0.988342 3.21872 20.3459 -0.274692 0.040051 -0.0169821 0.00875259 -0.00445801 -0.69143 -4.50382 0.13629 -0.0198715 0.00842575 -0.00434265 0.00221186 0.299516 2.00291 -0.0891603 0.0129999 -0.00551208 0.00284094 -0.00144699 -0.182704 -1.24635 0.068651 -0.0100095 0.00424416 -0.00218745 0.00111414 0.139933 0.966407 -0.0594402 0.00866657 -0.00367472 0.00189396 -0.000964661 
0 0 0 0 0 0 0 0 0 -54.209 14.2611 -3.48689 1.7253 -1.19932 0.225866 4.68319 20.1684 -0.196583 0.0334917 -0.0138904 0.00634191 -0.0434378 -0.979912 -4.41575 0.0975358 -0.0166171 0.00689177 -0.00314657 0.016836 0.414308 1.94529 -0.0638074 0.0108708 -0.00450857 0.00205847 -0.009332 -0.247908 -1.20199 0.04913 -0.00837024 0.00347148 -0.00158497 0.00669628 0.187555 0.927997 -0.0425383 0.00724721 -0.00300571 0.00137232 
0 0 0 0 0 0 -2.77556e-17 0 0 0 -51.9169 13.3876 -3.59915 2.00925 0.110108 0.169277 4.71698 20.1395 -0.182194 0.029456 -0.0104238 -0.0238962 -0.0313495 -0.983656 -4.40143 0.0903963 -0.0146148 0.00517183 0.0104464 0.011626 0.414559 1.93592 -0.0591369 0.00956091 -0.00338339 -0.00641719 -0.00616645 -0.247412 -1.19478 0.0455338 -0.00736165 0.00260512 0.00493653 0.00427781 0.186863 0.921752 -0.0394246 0.00637394 -0.00225559 
0 0 0 0 0 0 0 0 0 0 0 -55.7969 17.295 -5.41257 -0.0435236 0.224028 0.0483582 5.44496 20.183 -0.211471 0.0232632 0.0099608 -0.0479875 -0.00549541 -1.13624 -4.42301 0.104923 -0.0115422 -0.00455312 0.0207341 0.000473559 0.479173 1.95004 -0.0686398 0.00755083 0.00289021 -0.0126225 0.000614141 -0.286126 -1.20565 0.0528508 -0.00581394 -0.00226787 0.00965538 -0.000904694 0.216177 0.931165 -0.0457599 0.00503389 
0 0 0 0 0 0 0 0 0 0 0 0 -73.0525 34.5648 0.0580647 -0.154397 0.431293 0.184911 7.99712 20.3427 -0.261485 -0.0135043 0.0344374 -0.0930487 -0.0290701 -1.67814 -4.50224 0.129737 0.00625179 -0.0154131 0.0404634 0.00844117 0.711451 2.00187 -0.0848736 -0.00400389 0.00963645 -0.0247565 -0.00318319 -0.426645 -1.24556 0.0653504 0.00315812 -0.00749336 0.0189966 0.00149246 0.323238 0.965718 -0.0565824 
0 0 0 0 0 0 0 0 0 0 0 0 0 -194.804 -0.145268 0.40153 -0.654645 1.54522 1.582 18.4258 21.303 0.0342088 -0.0896115 0.1452 -0.333803 -0.294213 -3.94836 -4.97867 -0.0159892 0.0401266 -0.0646804 0.145326 0.109666 1.70656 2.31356 0.0103076 -0.0250967 0.0402987 -0.0889927 -0.0584748 -1.0392 -1.48555 -0.00816117 0.0195195 -0.0312706 0.0683252 0.0407357 0.795053 1.17351 
0 0 0 1.38778e-17 0 0 0 0 0 2.77556e-17 0 0 0 0 -213.916 73.2032 -18.3861 9.30259 -6.05829 4.656 -4.0144 14.2623 -0.354359 -0.013487 -0.0307328 0.0144503 -0.00907207 0.00395857 -3.70851 0.162786 0.00279735 0.0143218 -0.00701144 0.00443838 -0.00205219 1.89571 -0.103694 -0.00026447 -0.009214 0.00463296 -0.00294819 0.0014116 -1.35124 0.0815337 -0.000490961 0.00728677 -0.00371961 0.00237383 -0.00115799 
0 0 0 0 0 0 0 0 -1.77636e-15 0 0 0 0 0 0 -53.8364 21.9548 -4.31631 2.0086 -1.2185 0.936153 2.27478 13.4122 -0.383007 -0.0186711 -0.0134285 0.00342811 -0.00149437 -0.55564 -3.32046 0.166567 0.00657327 0.00605523 -0.00167371 0.000750557 0.273652 1.64961 -0.101915 -0.00329238 -0.00380648 0.00111031 -0.000506715 -0.191198 -1.15824 0.0782054 0.00217663 0.00296964 -0.000893368 0.000411601 
0 0 0 0 0 0 3.46945e-18 0 0 0 4.44089e-16 0 0 0 0 0 -37.8602 14.7339 -3.17095 1.63835 -1.11911 0.308966 3.93775 13.1069 -0.331466 -0.00778258 -0.0112609 0.0021214 -0.0681614 -0.92175 -3.18843 0.142892 0.00228139 0.00505819 -0.00106093 0.031692 0.443703 1.56918 -0.0868348 -0.000875534 -0.00317079 0.000714394 -0.0215146 -0.306591 -1.09669 0.0663487 0.000422338 0.00246954 -0.000579489 
0 0 0 0 0 0 0 0 3.46945e-18 0 0 4.44089e-16 0 0 0 0 -1.77636e-15 -35.3972 13.739 -3.23326 1.87428 0.129482 0.619291 4.42219 13.0507 -0.302899 -0.013511 -0.00648145 -0.0298754 -0.13289 -1.02303 -3.16428 0.130624 0.00477327 0.00298065 0.0142959 0.0608961 0.48939 1.55453 -0.0794024 -0.00240052 -0.0019001 -0.00985853 -0.0410762 -0.337165 -1.08551 0.0606806 0.0015927 0.00149468 
0 0 0 0 0 0 0 0 0 0 0 0 0 0 0 0 0 0 -39.1193 17.403 -4.9951 -0.00149286 0.326482 0.749602 5.20103 13.0995 -0.297377 -0.0141195 0.00139857 -0.0746184 -0.158492 -1.2042 -3.18568 0.129194 0.00517189 -0.000955106 0.0355008 0.0719907 0.576326 1.56771 -0.0789854 -0.0027076 0.000756656 -0.0244073 -0.0483478 -0.397154 -1.09566 0.0605803 0.00185864 
0 0 0 0 0 0 0 0 1.73472e-18 0 0 0 0 0 0 0 0 0 -1.77636e-15 65.5233 -211.36 -0.133931 0.360369 -0.915844 0.652961 -5.09909 -0.241358 14.2659 0.0349612 -0.0928185 0.225297 -0.180475 1.25128 0.113431 -3.70969 -0.0178829 0.0470065 -0.11148 0.0942997 -0.617819 -0.0733972 1.89623 0.0127439 -0.0332948 0.0780996 -0.0677065 0.432212 0.0582371 -1.35154 
0 0 0 0 0 0 -1.11022e-16 0 0 0 0 0 0 0 0 0 0 0 -3.55271e-15 0 -145.894 -0.0688424 0.291504 -0.145049 1.79196 3.01782 13.0949 11.9217 0.0183996 -0.0717525 0.0456094 -0.415256 -0.658712 -3.17666 -3.06359 -0.00951906 0.0355471 -0.0250399 0.199112 0.304393 1.5589 1.55562 0.00681938 -0.0249272 0.018346 -0.137423 -0.206015 -1.08732 -1.10498 
0 0 0 0 0 0 0 0 0 0 0 0 0 3.46945e-18 0 0 0 0 0 0 0 -210.817 72.827 -18.2693 9.31802 -6.02018 4.64669 -4.00749 13.3046 -0.300704 -0.045536 -0.0357838 0.00664678 -0.00722438 0.00228052 -3.8055 0.1538 0.020272 0.0177998 -0.00380937 0.00379969 -0.0012839 2.19827 -0.109799 -0.013351 -0.0125489 0.00286998 -0.00275737 0.00096473 
0 0 0 0 0 0 0 0 0 0 0 0 0 0 0 0 0 0 0 0 0 0 -51.434 21.915 -4.07281 2.05739 -1.18626 0.929484 2.15847 12.5599 -0.426421 -0.0719636 -0.0272133 -0.0018025 -0.00144902 -0.58286 -3.42668 0.209338 0.0329565 0.013044 0.000643537 0.000750251 0.32603 1.9286 -0.146211 -0.0221816 -0.00901532 -0.000362708 -0.000540929 
0 0 0 0 0 0 0 0 0 0 0 0 0 0 0 0 0 0 0 0 0 0 0 -35.1286 14.9192 -2.909 1.67151 -1.09621 0.314885 3.8166 12.1814 -0.425034 -0.0608628 -0.0227755 -0.000247645 -0.0747444 -0.972739 -3.2423 0.206257 0.0276884 0.0109096 -5.89901e-06 0.0386783 0.526539 1.80033 -0.143223 -0.0185782 -0.00753682 5.16739e-05 
0 0 0 0 0 0 0 0 0 0 0 0 -3.46945e-18 6.93889e-18 -8.67362e-19 0 0 0 0 0 0 0 0 0 -32.3853 13.8902 -3.00886 1.8579 0.13944 0.721347 4.42024 12.0844 -0.393056 -0.0549987 -0.010134 -0.0338004 -0.16081 -1.10008 -3.19574 0.190633 0.025217 0.00491587 0.0177693 0.0798106 0.58719 1.76817 -0.13234 -0.0169858 -0.00342095 
0 0 0 0 0 0 0 0 0 0 0 0 0 0 0 0 0 0 1.77636e-15 0 0 0 0 0 0 -36.0261 17.3396 -4.88082 0.0136133 0.406844 0.983784 5.25909 12.1414 -0.346019 -0.0276201 -0.00141541 -0.0957328 -0.213671 -1.30866 -3.22363 0.169297 0.0128301 0.000116736 0.049387 0.104074 0.698492 1.78763 -0.118052 -0.00868306 
0 0 0 0 0 0 0 0 0 8.67362e-19 0 0 0 0 4.33681e-19 8.67362e-19 0 -3.46945e-18 0 0 0 0 0 0 0 0 64.757 -208.16 -0.127237 0.321812 -0.940367 0.510739 -5.05963 -0.169287 13.3135 0.036403 -0.094042 0.251275 -0.17082 1.36938 0.0891404 -3.80957 -0.0210313 0.0547972 -0.139867 0.105556 -0.767024 -0.0645821 2.20099 
0 0 0 0 0 0 0 0 0 0 0 0 0 0 0 0 0 0 0 0 0 0 0 0 0 3.55271e-15 0 -135.573 -0.052149 0.321587 0.0456401 1.97627 3.23534 12.2616 10.6216 0.0161601 -0.0831458 0.0121242 -0.481066 -0.754652 -3.27651 -3.00195 -0.00968829 0.0454742 -0.0140483 0.253554 0.38607 1.82228 1.72302 
2.22045e-16 0 0 0 0 0 0 0 0 0 0 0 0 -1.73472e-18 4.44089e-16 0 0 0 0 0 0 1.77636e-15 0 0 0 0 0 0 -214.762 72.958 -18.2071 9.35538 -6.0084 4.65267 -4.00692 17.2333 -0.369128 -0.0649874 -0.0473671 0.00525387 -0.00923284 0.00234052 -5.76399 0.213433 0.0331027 0.0259283 -0.00389439 0.00532295 -0.00147753 
0 0 0 0 0 0 0 0 0 0 0 0 0 0 0 0 0 -2.77556e-17 0 0 0 0 0 0 0 0 0 0 0 -55.2368 22.2842 -3.96511 2.13717 -1.18064 0.943674 2.75649 16.3141 -0.550639 -0.106565 -0.0426022 -0.00564733 -0.0021273 -0.876112 -5.23551 0.304989 0.0536393 0.0220315 0.00242326 0.0011695 
0 0 0 0 0 0 8.67362e-19 0 0 0 0 0 -3.46945e-18 0 0 0 0 0 0 0 0 0 0 0 0 0 0 0 0 0 -38.772 15.408 -2.79096 1.74398 -1.10521 0.355402 4.67259 15.8247 -0.565378 -0.0967786 -0.0357383 -0.0014671 -0.0986505 -1.40496 -4.96793 0.307162 0.0478307 0.0184795 0.000520738 
0 0 0 0 0 0 0 0 0 0 0 0 1.73472e-18 3.46945e-18 0 0 0 0 0 0 0 0 0 0 0 0 0 0 0 0 0 -35.878 14.3633 -2.94123 1.89989 0.165166 0.787777 5.33164 15.6908 -0.524867 -0.0820284 -0.0142114 -0.0474393 -0.204785 -1.56652 -4.897 0.284704 0.0412231 0.00752019 
0 0 0 0 0 0 0 0 0 0 0 0 0 0 0 0 0 2.77556e-17 0 0 0 0 0 0 0 0 0 0 0 2.22045e-16 0 0 -39.6516 17.7134 -4.90602 0.0105288 0.48368 1.07645 6.32547 15.7717 -0.448762 -0.0377876 -0.000286189 -0.134945 -0.27257 -1.85833 -4.94093 0.247145 0.0198083 
0 0 0 0 0 0 0 0 0 0 0 0 0 0 2.1684e-19 0 0 0 0 0 0 0 0 0 0 0 0 0 0 0 0 0 0 65.4179 -212.298 -0.165411 0.42506 -1.12602 0.812452 -6.03526 -0.214693 17.2445 0.0554638 -0.144295 0.356133 -0.299164 1.92626 0.127675 -5.76981 
0 0 0 0 0 0 0 0 0 0 0 0 0 0 0 0 0 1.73472e-18 2.77556e-17 0 0 0 0 0 0 0 0 0 0 0 0 0 0 0 -150.668 -0.0779577 0.424997 -0.0279917 2.36633 3.57366 15.9346 14.7467 0.0278144 -0.130291 0.0420975 -0.683567 -0.972352 -5.01964 -4.88439 
0 0 0 3.46945e-18 0 -1.73472e-18 0 0 0 0 0 0 0 0 0 0 1.38778e-17 0 0 0 0 0 2.22045e-16 0 0 0 0 0 0 0 0 0 1.38778e-17 0 0 -233.635 74.0433 -18.0619 9.48075 -6.02831 4.68074 -4.0141 35.1887 -0.793173 -0.115713 -0.0941467 0.0144947 -0.0200083 0.00531533 
0 0 0 0 0 0 0 0 0 0 0 0 0 0 0 0 0 0 0 0 0 -1.38778e-17 0 0 0 0 0 0 0 0 0 0 1.11022e-16 0 0 0 -72.2847 23.9723 -3.83615 2.31854 -1.21976 0.995988 5.20624 33.2386 -1.11012 -0.186637 -0.0820149 -0.00932157 -0.00452032 
0 0 0 0 0 0 0 0 0 0 0 0 6.93889e-18 0 0 0 0 0 0 0 0 -3.46945e-18 -5.55112e-17 0 0 0 0 0 0 0 0 -8.88178e-16 0 0 0 0 0 63.1488 -2.25899 -0.35831 -0.113983 -0.0240992 -6.1214 17.3583 -213.179 15.5907 -3.92368 2.13853 -1.5161 
0 0 0 0 0 0 0 0 0 0 0 0 0 -6.93889e-18 8.67362e-19 0 0 0 -2.22045e-16 0 0 -1.73472e-18 0 0 0 -4.44089e-16 0 0 0 -1.38778e-17 0 0 0 0 0 0 0 0 63.2608 -2.19197 -0.253136 -0.0623158 2.11433 -3.4385 6.73878 -208.532 14.215 -3.85807 2.30734 
0 0 0 0 0 0 6.93889e-18 0 0 0 0 0 0 0 0 0 0 0 0 0 0 0 0 0 0 0 0 0 0 0 0 0 -1.77636e-15 0 0 0 0 0 0 63.6908 -1.8979 -0.131232 -1.4813 2.03925 -4.84495 7.88884 -212.7 18.1133 -5.88548 
0 0 0 0 0 0 0 0 0 0 8.67362e-19 0 0 0 0 -2.1684e-19 0 0 0 0 0 0 0 0 0 0 0 0 0 0 0 0 1.11022e-16 0 0 0 0 0 0 0 -83.2562 37.2545 1.18535 -2.54156 11.529 -20.9646 89.0623 25.3976 2.30444 
0 0 0 0 0 0 2.22045e-16 0 0 0 0 0 0 2.22045e-16 0 0 -8.67362e-19 0 0 0 0 0 0 -4.33681e-19 0 0 0 0 0 0 0 0 1.38778e-17 0 0 0 0 0 0 0 0 -200.7 -0.4617 1.63113 -7.64909 14.2997 17.4512 27.2984 35.1598 
0 0 0 0 0 0 0 4.44089e-16 0 0 0 0 0 0 0 0 0 0 0 0 0 0 0 0 0 0 0 0 0 0 0 0 0 0 0 0 0 0 0 0 1.11022e-16 0 -367.286 81.176 -15.1961 13.9518 -8.81595 5.2231 -4.18754 
0 0 0 0 0 0 0 -1.38778e-17 0 0 0 0 0 0 0 0 0 0 1.38778e-17 0 0 0 0 0 0 0 0 0 0 0 0 0 0 0 0 0 0 0 0 0 0 0 0 -199.807 86.6563 -19.5841 9.20468 -3.05211 1.93368 
0 0 0 0 0 0 0 0 0 0 0 0 3.46945e-18 0 0 0 0 0 0 0 0 0 0 0 0 0 0 0 0 0 0 8.88178e-16 2.22045e-16 0 0 0 0 0 0 0 0 0 0 0 -144.951 59.7437 -12.217 3.49786 -1.83789 
0 0 0 0 0 0 0 0 0 0 0 0 0 0 0 0 0 0 0 0 0 8.67362e-19 0 0 0 0 0 0 0 0 0 0 0 0 0 0 0 0 0 0 0 0 0 0 0 -133.775 53.7544 -7.64225 3.01786 
0 0 0 0 0 0 0 0 0 0 0 0 0 0 0 0 0 0 0 0 0 0 0 0 0 0 0 0 0 0 0 0 -3.55271e-15 0 3.55271e-15 0 0 0 0 0 0 0 0 -4.44089e-16 1.77636e-15 7.10543e-15 -130.849 20.0205 -3.97949 
0 0 0 0 0 0 0 0 0 0 0 0 0 0 0 0 1.73472e-18 0 0 0 0 0 2.71051e-20 0 0 -1.11022e-16 0 0 0 0 0 0 0 0 0 0 0 0 0 0 0 0 0 -4.44089e-16 0 0 0 -195.688 39.9144 
0 0 0 0 0 0 0 0 0 0 0 0 0 0 0 0 0 0 -3.46945e-18 0 0 0 0 0 0 0 0 0 0 0 0 0 0 0 -1.77636e-15 0 0 0 0 0 0 0 0 0 -8.88178e-16 0 0 0 -350.505 
============================

=== Solution ===
x1 = 1.70711
x2 = 1.35355
x3 = 1
x4 = 0.853553
x5 = 0.999999
x6 = 1.35355
x7 = 1.70711
x8 = 1.35355
x9 = 1
x10 = 0.646447
x11 = 0.5
x12 = 0.646446
x13 = 0.999999
x14 = 1.35355
x15 = 1
x16 = 0.646447
x17 = 0.292893
x18 = 0.146446
x19 = 0.292893
x20 = 0.646447
x21 = 1
x22 = 0.853553
x23 = 0.5
x24 = 0.146446
x25 = -2.95616e-07
x26 = 0.146446
x27 = 0.5
x28 = 0.853553
x29 = 0.999999
x30 = 0.646446
x31 = 0.292893
x32 = 0.146446
x33 = 0.292893
x34 = 0.646446
x35 = 0.999999
x36 = 1.35355
x37 = 0.999999
x38 = 0.646447
x39 = 0.5
x40 = 0.646446
x41 = 0.999999
x42 = 1.35355
x43 = 1.70711
x44 = 1.35355
x45 = 1
x46 = 0.853553
x47 = 0.999999
x48 = 1.35355
x49 = 1.70711
================

