=== Matrix Properties ===
Is Square             : Yes
Is Symmetric          : No
Is Identity           : No
Is Null               : No
Is Diagonal           : No
Is Diagonally Dominant: No
Determinant           : -3.42032e+98
=========================

=== Crout ===
L Matrix:
-380.049 0 0 0 0 0 0 0 0 0 0 0 0 0 0 0 0 0 0 0 0 0 0 0 0 0 0 0 0 0 0 0 0 0 0 0 0 0 0 0 0 0 0 0 0 0 0 0 0 
36.0379 -229.229 0 0 0 0 0 0 0 0 0 0 0 0 0 0 0 0 0 0 0 0 0 0 0 0 0 0 0 0 0 0 0 0 0 0 0 0 0 0 0 0 0 0 0 0 0 0 0 
-6 16.4889 -214.154 0 0 0 0 0 0 0 0 0 0 0 0 0 0 0 0 0 0 0 0 0 0 0 0 0 0 0 0 0 0 0 0 0 0 0 0 0 0 0 0 0 0 0 0 0 0 
2.34315 -3.55816 13.2075 -211.005 0 0 0 0 0 0 0 0 0 0 0 0 0 0 0 0 0 0 0 0 0 0 0 0 0 0 0 0 0 0 0 0 0 0 0 0 0 0 0 0 0 0 0 0 0 
-1.51472 1.80978 -3.75572 14.5003 -214.974 0 0 0 0 0 0 0 0 0 0 0 0 0 0 0 0 0 0 0 0 0 0 0 0 0 0 0 0 0 0 0 0 0 0 0 0 0 0 0 0 0 0 0 0 
1.61894 -1.69472 2.7432 -5.73964 22.907 -234.022 0 0 0 0 0 0 0 0 0 0 0 0 0 0 0 0 0 0 0 0 0 0 0 0 0 0 0 0 0 0 0 0 0 0 0 0 0 0 0 0 0 0 0 
-4 3.86557 -5.44105 8.62483 -17.7409 69.9573 -368.825 0 0 0 0 0 0 0 0 0 0 0 0 0 0 0 0 0 0 0 0 0 0 0 0 0 0 0 0 0 0 0 0 0 0 0 0 0 0 0 0 0 0 
36.0379 6.79554 -1.11227 0.643253 -0.437334 0.334995 -0.26637 -229.022 0 0 0 0 0 0 0 0 0 0 0 0 0 0 0 0 0 0 0 0 0 0 0 0 0 0 0 0 0 0 0 0 0 0 0 0 0 0 0 0 0 
0 36.0379 3.39717 -0.57948 0.283452 -0.181937 0.132092 37.0946 -68.7017 0 0 0 0 0 0 0 0 0 0 0 0 0 0 0 0 0 0 0 0 0 0 0 0 0 0 0 0 0 0 0 0 0 0 0 0 0 0 0 0 
0 0 36.0379 2.40887 -0.475545 0.239465 -0.155012 -6.10386 16.5112 -54.209 0 0 0 0 0 0 0 0 0 0 0 0 0 0 0 0 0 0 0 0 0 0 0 0 0 0 0 0 0 0 0 0 0 0 0 0 0 0 0 
0 0 0 36.0379 2.28045 -0.470597 0.245816 2.39091 -3.35983 13.1545 -51.9169 0 0 0 0 0 0 0 0 0 0 0 0 0 0 0 0 0 0 0 0 0 0 0 0 0 0 0 0 0 0 0 0 0 0 0 0 0 0 
0 0 0 0 36.0379 2.89896 -0.534512 -1.54484 1.66221 -3.50356 14.5354 -55.7969 0 0 0 0 0 0 0 0 0 0 0 0 0 0 0 0 0 0 0 0 0 0 0 0 0 0 0 0 0 0 0 0 0 0 0 0 0 
0 0 0 0 0 36.0379 5.43847 1.6446 -1.51839 2.45999 -5.37075 22.8508 -73.0525 0 0 0 0 0 0 0 0 0 0 0 0 0 0 0 0 0 0 0 0 0 0 0 0 0 0 0 0 0 0 0 0 0 0 0 0 
0 0 0 0 0 0 36.0379 -4.05176 3.40207 -4.73761 7.73299 -16.33 67.8622 -194.804 0 0 0 0 0 0 0 0 0 0 0 0 0 0 0 0 0 0 0 0 0 0 0 0 0 0 0 0 0 0 0 0 0 0 0 
-6 -1.1314 0.185183 -0.107096 0.0728123 -0.0557738 0.0443482 16.4545 4.95074 0.249918 0.368794 -0.189962 0.154536 -0.110978 -213.916 0 0 0 0 0 0 0 0 0 0 0 0 0 0 0 0 0 0 0 0 0 0 0 0 0 0 0 0 0 0 0 0 0 0 
0 -6 -0.565599 0.0964783 -0.0471923 0.030291 -0.0219921 -0.175935 15.6737 4.7172 0.199795 0.211837 -0.0869846 0.0659839 36.8209 -53.8364 0 0 0 0 0 0 0 0 0 0 0 0 0 0 0 0 0 0 0 0 0 0 0 0 0 0 0 0 0 0 0 0 0 
0 0 -6 -0.401056 0.079174 -0.0398688 0.0258082 0.0172915 -0.137064 15.5593 3.96931 0.042963 0.225558 -0.0853254 -5.9358 16.9419 -37.8602 0 0 0 0 0 0 0 0 0 0 0 0 0 0 0 0 0 0 0 0 0 0 0 0 0 0 0 0 0 0 0 0 
0 0 0 -6 -0.379676 0.0783503 -0.0409262 -0.00795216 0.019055 -0.117012 15.5407 3.89213 0.146426 0.288221 2.37468 -3.13081 13.5795 -35.3972 0 0 0 0 0 0 0 0 0 0 0 0 0 0 0 0 0 0 0 0 0 0 0 0 0 0 0 0 0 0 0 
0 0 0 0 -6 -0.482651 0.0889916 0.00501466 -0.00909496 0.0215888 -0.127506 15.5688 4.69293 0.721869 -1.5251 1.6291 -3.17571 14.9175 -39.1193 0 0 0 0 0 0 0 0 0 0 0 0 0 0 0 0 0 0 0 0 0 0 0 0 0 0 0 0 0 0 
0 0 0 0 0 -6 -0.905458 -0.00427317 0.0066224 -0.0121098 0.0275658 -0.178669 15.6725 7.25833 1.62714 -1.46311 2.31488 -4.8286 22.9508 -55.6167 0 0 0 0 0 0 0 0 0 0 0 0 0 0 0 0 0 0 0 0 0 0 0 0 0 0 0 0 0 
0 0 0 0 0 0 -6 0.00861708 -0.0117285 0.0176486 -0.0283207 0.0500515 -0.330071 16.2917 -4.0144 3.28225 -4.37473 7.16236 -15.0036 65.5233 -171.881 0 0 0 0 0 0 0 0 0 0 0 0 0 0 0 0 0 0 0 0 0 0 0 0 0 0 0 0 
2.34315 0.441839 -0.0723183 0.0418236 -0.028435 0.021781 -0.0173191 -3.54472 -1.00549 -0.0451457 -0.0753352 0.0394125 -0.0323698 0.0238256 13.1583 4.17442 0.556077 0.425625 -0.0851987 0.131016 -0.0749495 -210.817 0 0 0 0 0 0 0 0 0 0 0 0 0 0 0 0 0 0 0 0 0 0 0 0 0 0 0 
0 2.34315 0.22088 -0.0376771 0.0184297 -0.0118294 0.00858845 0.0687068 -3.23979 -0.943367 -0.0374048 -0.0430172 0.0181517 -0.0139696 -0.166994 12.3678 4.69793 0.815331 0.374365 0.0163073 0.0825959 36.6313 -51.434 0 0 0 0 0 0 0 0 0 0 0 0 0 0 0 0 0 0 0 0 0 0 0 0 0 0 
0 0 2.34315 0.156622 -0.0309194 0.0155697 -0.0100787 -0.00675274 0.0535269 -3.19513 -0.792147 -0.00664917 -0.0457943 0.0179408 -0.0114233 -0.280916 12.0788 4.41292 0.687028 0.419625 0.0394719 -5.89594 16.9146 -35.1286 0 0 0 0 0 0 0 0 0 0 0 0 0 0 0 0 0 0 0 0 0 0 0 0 0 
0 0 0 2.34315 0.148273 -0.0305977 0.0159827 0.00310551 -0.00744143 0.0456959 -3.18786 -0.777017 -0.0266315 -0.0586678 -0.00679927 -0.0119912 -0.289996 12.0253 4.40581 0.839506 0.581678 2.38573 -2.95969 13.7474 -32.3853 0 0 0 0 0 0 0 0 0 0 0 0 0 0 0 0 0 0 0 0 0 0 0 0 
0 0 0 0 2.34315 0.188487 -0.0347534 -0.00195834 0.0035518 -0.00843097 0.049794 -3.19885 -0.93965 -0.138845 0.00240959 -0.0109076 -0.00863418 -0.312171 12.0715 5.12169 1.5166 -1.51396 1.66858 -2.91181 15.0835 -36.0261 0 0 0 0 0 0 0 0 0 0 0 0 0 0 0 0 0 0 0 0 0 0 0 
0 0 0 0 0 2.34315 0.353603 0.00166878 -0.00258621 0.00472915 -0.0107651 0.0697747 -3.23931 -1.47133 -0.00192963 0.00384276 -0.0130576 -0.0195692 -0.366406 12.2631 7.268 1.62582 -1.43202 2.3524 -4.50757 22.8576 -52.4872 0 0 0 0 0 0 0 0 0 0 0 0 0 0 0 0 0 0 0 0 0 0 
0 0 0 0 0 0 2.34315 -0.00336518 0.00458026 -0.00689222 0.0110599 -0.0195463 0.128901 -3.48112 0.00347425 -0.00699329 0.00993071 -0.0237351 -0.0257271 -0.337008 12.9568 -4.00749 3.26229 -4.2829 7.06362 -14.6401 64.757 -167.265 0 0 0 0 0 0 0 0 0 0 0 0 0 0 0 0 0 0 0 0 0 
-1.51472 -0.285625 0.0467499 -0.0270367 0.0183817 -0.0140803 0.0111959 1.80109 0.492069 0.0202567 0.0370095 -0.0195599 0.0161631 -0.0120807 -3.73131 -1.11097 -0.126428 -0.107982 0.0260931 -0.0357899 0.0219474 14.4484 4.6641 0.686285 0.522185 -0.0515582 0.162387 -0.0698296 -214.762 0 0 0 0 0 0 0 0 0 0 0 0 0 0 0 0 0 0 0 0 
0 -1.51472 -0.142787 0.0243563 -0.0119138 0.00764705 -0.00555197 -0.0444153 1.60398 0.456857 0.0172666 0.0210496 -0.00904187 0.00702244 0.084335 -3.33331 -1.18937 -0.185918 -0.0918534 -0.000421913 -0.0217278 -0.166799 13.6379 5.37191 1.12415 0.557155 0.100628 0.132559 36.6986 -55.2368 0 0 0 0 0 0 0 0 0 0 0 0 0 0 0 0 0 0 0 
0 0 -1.51472 -0.101248 0.0199877 -0.010065 0.00651536 0.00436529 -0.0346023 1.57511 0.383074 0.00257438 0.0224055 -0.0089799 0.00506146 0.138031 -3.19169 -1.10111 -0.153728 -0.103054 -0.00539649 -0.0246133 -0.357642 13.2298 5.21104 1.07101 0.64452 0.142384 -5.86928 17.1935 -38.772 0 0 0 0 0 0 0 0 0 0 0 0 0 0 0 0 0 0 
0 0 0 -1.51472 -0.0958503 0.0197798 -0.0103319 -0.00200755 0.00481049 -0.02954 1.57041 0.375848 0.0120159 0.0287535 0.0034567 0.00531593 0.141891 -3.16551 -1.10042 -0.19017 -0.142394 -0.0109003 -0.0528549 -0.422431 13.125 5.26173 1.24487 0.827777 2.39857 -2.87858 14.1993 -35.878 0 0 0 0 0 0 0 0 0 0 0 0 0 0 0 0 0 
0 0 0 0 -1.51472 -0.121847 0.0224662 0.00126597 -0.00229605 0.00545017 -0.0321892 1.57751 0.455435 0.0654068 -0.00127782 0.0054491 0.0036636 0.152765 -3.18832 -1.29604 -0.360615 0.000356965 -0.023903 -0.0650949 -0.460623 13.1869 6.03805 1.97703 -1.50845 1.72619 -2.79612 15.597 -39.6516 0 0 0 0 0 0 0 0 0 0 0 0 0 0 0 0 
0 0 0 0 0 -1.51472 -0.228586 -0.00107877 0.00167185 -0.00305715 0.00695908 -0.0451056 1.60367 0.719115 0.00103066 -0.00200014 0.00654164 0.00878133 0.179977 -3.28255 -1.91623 -0.00198925 -0.00116854 -0.0307671 -0.083075 -0.486459 13.4676 8.40015 1.62838 -1.4225 2.45195 -4.41631 23.3503 -56.7347 0 0 0 0 0 0 0 0 0 0 0 0 0 0 0 
0 0 0 0 0 0 -1.51472 0.00217541 -0.00296089 0.00445545 -0.00714966 0.0126357 -0.0833275 1.75998 -0.00188024 0.00363516 -0.00516434 0.0120292 0.0112139 0.16945 -3.62976 0.00246522 -0.00697694 0.00414728 -0.0361459 -0.0650958 -0.35469 14.2309 -4.00692 3.29145 -4.34083 7.21952 -14.7649 65.4179 -173.727 0 0 0 0 0 0 0 0 0 0 0 0 0 0 
1.61894 0.305277 -0.0499665 0.028897 -0.0196464 0.0150491 -0.0119662 -1.68543 -0.448767 -0.0172887 -0.0338442 0.0180142 -0.0149485 0.0112892 2.72073 0.776385 0.0783821 0.0730702 -0.0198186 0.0254673 -0.0162989 -5.70249 -1.732 -0.213823 -0.178811 0.0284679 -0.0597618 0.0299435 22.8248 7.2445 0.899041 0.766364 -0.108803 0.255876 -0.119549 -233.635 0 0 0 0 0 0 0 0 0 0 0 0 0 
0 1.61894 0.152612 -0.0260321 0.0127336 -0.0081732 0.00593397 0.0474713 -1.47475 -0.41355 -0.0150769 -0.0191958 0.00834865 -0.00652449 -0.0785988 2.35052 0.803046 0.115708 0.0606503 -0.00150609 0.01509 0.121236 -5.11681 -1.87632 -0.34302 -0.179449 -0.0233399 -0.0448466 -0.259921 21.5558 7.97674 1.47682 0.798546 0.122575 0.19391 37.2518 -72.2847 0 0 0 0 0 0 0 0 0 0 0 0 
0 0 1.61894 0.108214 -0.021363 0.0107575 -0.00696364 -0.00466564 0.0369831 -1.4439 -0.346402 -0.00190924 -0.0204303 0.00831876 -0.0042747 -0.126243 2.22125 0.735754 0.0941289 0.0680934 0.00142293 0.0157057 0.247445 -4.83763 -1.77612 -0.318317 -0.207625 -0.0352739 -0.0432143 -0.585826 20.8854 7.6074 1.40679 0.90879 0.159087 -5.79437 18.4727 -55.0054 0 0 0 0 0 0 0 0 0 0 0 
0 0 0 1.61894 0.102445 -0.0211407 0.0110428 0.00214567 -0.00514147 0.0315724 -1.43887 -0.339928 -0.0103022 -0.0262507 -0.00323593 -0.00449167 -0.129387 2.1974 0.735819 0.117677 0.0938702 0.00745121 0.0329366 0.287469 -4.76758 -1.79346 -0.376813 -0.269554 -0.0189735 -0.100836 -0.714278 20.7013 7.66034 1.60023 1.09194 2.43366 -2.77077 15.7525 -51.7912 0 0 0 0 0 0 0 0 0 0 
0 0 0 0 1.61894 0.13023 -0.024012 -0.00135307 0.00245403 -0.00582517 0.0344039 -1.44646 -0.412509 -0.0580108 0.00122901 -0.00504131 -0.00297863 -0.139317 2.21831 0.874819 0.232169 -0.000524935 0.0159329 0.040251 0.313142 -4.81007 -2.10066 -0.642186 -0.00097899 -0.0473642 -0.1329 -0.782059 20.8127 8.78556 2.52326 -1.50775 1.85186 -2.70325 17.3041 -56.0243 0 0 0 0 0 0 0 0 0 
0 0 0 0 0 1.61894 0.244313 0.001153 -0.00178688 0.00326749 -0.00743789 0.0482091 -1.47442 -0.655234 -0.000995675 0.00190129 -0.00606374 -0.00749521 -0.164569 2.30457 1.3308 0.00148013 0.000267121 0.0204189 0.0520395 0.334951 -5.00132 -3.08016 -0.00349408 -0.00670511 -0.0621784 -0.158832 -0.800806 21.2966 12.3891 1.63601 -1.44759 2.67317 -4.37415 25.2867 -75.0368 0 0 0 0 0 0 0 0 
0 0 0 0 0 0 1.61894 -0.00232509 0.00316461 -0.004762 0.00764159 -0.013505 0.0890608 -1.6415 0.00183094 -0.00345259 0.00490635 -0.0112376 -0.00933877 -0.157458 2.62621 -0.00197512 0.00515914 -0.00373775 0.0248153 0.04119 0.255106 -5.5453 0.00325657 -0.0116646 0.00240035 -0.0632297 -0.114593 -0.555026 22.5081 -4.0141 3.4086 -4.58757 7.7118 -15.2515 68.0921 -200.255 0 0 0 0 0 0 0 
-4 -0.754266 0.123455 -0.0713974 0.0485415 -0.0371825 0.0295655 3.84262 1.0052 0.0368599 0.0759519 -0.0406265 0.0338102 -0.0257143 -5.39037 -1.49291 -0.13729 -0.137335 0.0402451 -0.0496117 0.0326683 8.55212 2.48329 0.265179 0.242214 -0.0498251 0.085579 -0.0471111 -17.6189 -5.21977 -0.50092 -0.500699 0.111475 -0.18262 0.100348 69.6653 20.2534 1.08494 1.87911 -0.585576 0.739745 -0.459858 -367.31 0 0 0 0 0 0 
0 -4 -0.377066 0.0643189 -0.0314615 0.020194 -0.0146614 -0.11729 3.32209 0.921432 0.0327162 0.0429946 -0.0188615 0.0148031 0.178706 -4.54978 -1.50632 -0.203476 -0.111906 0.00531238 -0.0289102 -0.239915 7.39779 2.57127 0.41992 0.23173 0.0202296 0.060499 0.390351 -15.7264 -5.32477 -0.804706 -0.47962 -0.0387638 -0.125197 -0.930155 65.1882 19.2358 2.1183 1.64239 -0.020066 0.425191 41.0714 -191.95 0 0 0 0 0 
0 0 -4 -0.26737 0.0527827 -0.0265792 0.0172055 0.0115277 -0.0913762 3.24585 0.771251 0.00358641 0.0457566 -0.0188364 0.00903785 0.283339 -4.26002 -1.36947 -0.163225 -0.125706 0.000414851 -0.028124 -0.472784 6.86877 2.39015 0.38066 0.268149 0.0339261 0.0563265 0.829857 -14.7932 -4.91801 -0.736694 -0.545949 -0.0563431 -0.126786 -1.93044 63.1488 17.3587 1.89276 1.74501 -0.0323727 -5.57582 25.2172 -168.633 0 0 0 0 
0 0 0 -4 -0.253117 0.0522335 -0.0272841 -0.00530144 0.0127033 -0.0780078 3.23343 0.75693 0.0220432 0.0588425 0.00737945 0.00950005 0.289787 -4.20664 -1.37033 -0.205916 -0.172994 -0.0141341 -0.0579189 -0.542653 6.73821 2.41388 0.45795 0.350746 0.0258267 0.124816 0.986392 -14.5468 -4.95229 -0.861487 -0.666151 -0.0587283 -0.271071 -2.25734 62.6403 17.2066 2.05529 1.84508 2.61715 -2.61749 22.8657 -163.691 0 0 0 
0 0 0 0 -4 -0.321768 0.0593277 0.0033431 -0.00606331 0.0143926 -0.0850037 3.25219 0.919502 0.127358 -0.002853 0.0114049 0.00610135 0.312052 -4.25368 -1.64065 -0.419747 0.00139554 -0.029636 -0.0703285 -0.590681 6.81903 2.87123 0.82896 2.12071e-05 0.061905 0.161746 1.07772 -14.701 -5.83898 -1.51392 0.000321399 -0.143916 -0.347416 -2.45657 63.0356 19.8233 3.31644 -1.54511 2.40248 -2.56489 24.9744 -169.605 0 0 
0 0 0 0 0 -4 -0.603639 -0.00284878 0.00441494 -0.00807317 0.0183772 -0.119113 3.32127 1.46673 0.00231789 -0.00438014 0.0137361 0.0159808 0.369294 -4.44737 -2.54776 -0.00298263 0.000242141 -0.0378559 -0.0919303 -0.637771 7.18038 4.37688 0.00509943 0.00617358 0.0806865 0.197288 1.1261 -15.3685 -8.80218 -0.0121419 -0.014098 -0.186707 -0.417947 -2.57452 64.6183 29.183 1.68934 -1.63528 3.44978 -4.27012 34.137 -195.688 0 
0 0 0 0 0 0 -4 0.00574472 -0.00781898 0.0117658 -0.0188805 0.0333677 -0.220047 3.73406 -0.00428394 0.00794955 -0.0112989 0.0255912 0.0195203 0.357287 -5.17569 0.00416872 -0.0103401 0.00836546 -0.0472128 -0.0732534 -0.501194 8.24231 -0.00550074 0.0173312 -0.00764368 0.0866602 0.147259 0.823509 -17.1464 0.012741 -0.0418646 0.0223167 -0.200393 -0.310544 -1.91829 68.7965 -4.08931 3.98005 -5.40749 9.22113 -16.3095 78.7413 -350.505 
U Matrix:
1 -0.188566 0.0486392 -0.0241326 0.0157874 -0.0121559 0.010525 -0.188566 -0 -0 -0 -0 -0 -0 0.0486392 -0 -0 -0 -0 -0 -0 -0.0241326 -0 -0 -0 -0 -0 -0 0.0157874 -0 -0 -0 -0 -0 -0 -0.0121559 -0 -0 -0 -0 -0 -0 0.010525 -0 -0 -0 -0 -0 -0 
0 1 -0.0942664 0.0223807 -0.0105255 0.00681383 -0.00540787 -0.0296452 -0.312633 -0 -0 -0 -0 -0 0.00764675 0.0806412 -0 -0 -0 -0 -0 -0.00379398 -0.0400106 -0 -0 -0 -0 -0 0.002482 0.0261747 -0 -0 -0 -0 -0 -0.00191108 -0.0201538 -0 -0 -0 -0 -0 0.00165467 0.0174498 -0 -0 -0 -0 -0 
0 0 1 -0.0668426 0.0174254 -0.00891939 0.00636178 0.00300056 -0.0240714 -0.33464 -0 -0 -0 -0 -0.00077397 0.00620902 0.0863178 -0 -0 -0 -0 0.00038401 -0.00308064 -0.042827 -0 -0 -0 -0 -0.000251217 0.00201534 0.0280172 -0 -0 -0 -0 0.000193431 -0.00155176 -0.0215725 -0 -0 -0 -0 -0.000167478 0.00134356 0.0186782 -0 -0 -0 -0 
0 0 0 1 -0.0632793 0.0181487 -0.0104984 -0.00140625 0.00376519 -0.0209461 -0.339633 -0 -0 -0 0.000362731 -0.000971202 0.00540289 0.0876057 -0 -0 -0 -0.000179971 0.000481867 -0.00268067 -0.0434661 -0 -0 -0 0.000117736 -0.000315235 0.00175368 0.0284353 -0 -0 -0 -9.06538e-05 0.000242723 -0.00135029 -0.0218944 -0 -0 -0 7.84908e-05 -0.000210157 0.00116912 0.0189569 -0 -0 -0 
0 0 0 0 1 -0.0804419 0.0269714 0.000931802 -0.00195743 0.00443351 -0.0229088 -0.333363 -0 -0 -0.000240351 0.000504903 -0.00114359 0.00590914 0.0859884 -0 -0 0.000119251 -0.00025051 0.000567398 -0.00293185 -0.0426636 -0 -0 -7.80138e-05 0.000163883 -0.000371189 0.001918 0.0279103 -0 -0 6.00685e-05 -0.000126185 0.000285806 -0.00147681 -0.0214902 -0 -0 -5.20092e-05 0.000109255 -0.000247459 0.00127867 0.0186069 -0 -0 
0 0 0 0 0 1 -0.15091 -0.000928928 0.00169789 -0.00297495 0.00608746 -0.032631 -0.30623 -0 0.00023961 -0.000437958 0.000767365 -0.00157021 0.00841691 0.0789896 -0 -0.000118884 0.000217295 -0.000380732 0.00077907 -0.0041761 -0.0391911 -0 7.77732e-05 -0.000142153 0.000249073 -0.000509664 0.00273198 0.0256386 -0 -5.98833e-05 0.000109454 -0.00019178 0.000392428 -0.00210355 -0.0197411 -0 5.18488e-05 -9.47689e-05 0.000166049 -0.000339776 0.00182132 0.0170924 -0 
0 0 0 0 0 0 1 0.00143618 -0.00241727 0.00366939 -0.00568561 0.00984579 -0.0580845 -0.194305 -0.000370451 0.000623517 -0.00094649 0.00146656 -0.00253965 0.0149824 0.0501194 0.000183801 -0.000309361 0.000469606 -0.000727642 0.00126006 -0.00743362 -0.024867 -0.000120242 0.000202383 -0.000307214 0.00047602 -0.000824325 0.00486304 0.0162679 9.25832e-05 -0.000155829 0.000236547 -0.000366523 0.000634708 -0.00374441 -0.0125258 -8.01613e-05 0.000134922 -0.00020481 0.000317347 -0.00054955 0.00324203 0.0108453 
0 0 0 0 0 0 0 1 -0.322055 0.0822633 -0.0409413 0.0267757 -0.0205524 0.0176916 -0.0941186 0.00235757 -0.000399628 0.000230771 -0.000148936 9.8114e-05 -5.82926e-05 0.0222854 -0.00116972 0.000198277 -0.000114499 7.38952e-05 -4.86798e-05 2.89222e-05 -0.0104594 0.000765227 -0.000129712 7.49044e-05 -4.83419e-05 3.18461e-05 -1.89208e-05 0.00676177 -0.000589204 9.98749e-05 -5.76744e-05 3.7222e-05 -2.45206e-05 1.45685e-05 -0.00536235 0.000510151 -8.64748e-05 4.99363e-05 -3.22279e-05 2.12307e-05 -1.26138e-05 
0 0 0 0 0 0 0 0 1 -0.311962 0.0679714 -0.0302135 0.0187136 -0.014386 -0.0468507 -0.296148 0.00399833 -0.000582969 0.000247185 -0.0001274 6.48893e-05 0.0100642 0.0655561 -0.00198379 0.000289243 -0.000122642 6.32102e-05 -3.21952e-05 -0.00435966 -0.0291536 0.00129779 -0.000189222 8.02321e-05 -4.13518e-05 2.10619e-05 0.00265938 0.0181415 -0.000999262 0.000145696 -6.17766e-05 3.18398e-05 -1.62171e-05 -0.00203682 -0.0140667 0.000865192 -0.000126148 5.34881e-05 -2.75679e-05 1.40413e-05 
0 0 0 0 0 0 0 0 0 1 -0.263077 0.0643231 -0.0318269 0.022124 -0.00416657 -0.0863912 -0.372048 0.00362639 -0.000617825 0.000256237 -0.00011699 0.000801301 0.0180766 0.0814578 -0.00179925 0.000306537 -0.000127133 5.80452e-05 -0.000310575 -0.00764278 -0.035885 0.00117706 -0.000200535 8.317e-05 -3.79729e-05 0.000172148 0.00457319 0.0221733 -0.000906307 0.000154407 -6.40387e-05 2.92381e-05 -0.000123527 -0.00345985 -0.0171189 0.000784709 -0.00013369 5.54467e-05 -2.53153e-05 
0 0 0 0 0 0 0 0 0 0 1 -0.257866 0.0693252 -0.0387012 -0.00212084 -0.00326053 -0.0908564 -0.387918 0.00350933 -0.000567368 0.000200779 0.000460278 0.000603839 0.0189467 0.0847783 -0.00174117 0.000281503 -9.96175e-05 -0.000201213 -0.000223934 -0.00798504 -0.0372889 0.00113907 -0.000184158 6.51693e-05 0.000123605 0.000118775 0.00476554 0.0230133 -0.000877051 0.000141797 -5.01786e-05 -9.50852e-05 -8.23973e-05 -0.00359928 -0.0177544 0.000759378 -0.000122772 4.34462e-05 
0 0 0 0 0 0 0 0 0 0 0 1 -0.309963 0.0970048 0.000780036 -0.00401505 -0.000866682 -0.0975853 -0.361723 0.00379001 -0.000416927 -0.000178519 0.000860039 9.84895e-05 0.0203638 0.0792698 -0.00188044 0.00020686 8.16016e-05 -0.000371599 -8.48718e-06 -0.00858781 -0.0349489 0.00123017 -0.000135327 -5.17987e-05 0.000226221 -1.10067e-05 0.00512799 0.0216078 -0.0009472 0.000104198 4.06452e-05 -0.000173045 1.62141e-05 -0.00387435 -0.0166885 0.000820115 -9.02181e-05 
0 0 0 0 0 0 0 0 0 0 0 0 1 -0.47315 -0.000794835 0.0021135 -0.00590387 -0.00253121 -0.109471 -0.278467 0.00357942 0.000184858 -0.000471407 0.00127372 0.000397935 0.0229718 0.0616302 -0.00177595 -8.55794e-05 0.000210986 -0.000553895 -0.000115549 -0.00973889 -0.0274032 0.00116182 5.48084e-05 -0.000131911 0.000338886 4.35741e-05 0.00584025 0.0170502 -0.000894568 -4.32308e-05 0.000102575 -0.00026004 -2.043e-05 -0.00442474 -0.0132195 0.000774544 
0 0 0 0 0 0 0 0 0 0 0 0 0 1 0.000745714 -0.0020612 0.00336053 -0.00793216 -0.00812099 -0.094586 -0.109356 -0.000175606 0.000460008 -0.000745362 0.00171353 0.0015103 0.0202684 0.0255573 8.20782e-05 -0.000205984 0.000332027 -0.000746009 -0.000562952 -0.0087604 -0.0118763 -5.29126e-05 0.00012883 -0.000206868 0.000456831 0.000300172 0.00533456 0.00762584 4.18942e-05 -0.000100201 0.000160523 -0.000350738 -0.000209111 -0.00408129 -0.00602403 
0 0 0 0 0 0 0 0 0 0 0 0 0 0 1 -0.342204 0.08595 -0.043487 0.0283208 -0.0217655 0.0187662 -0.0666721 0.00165653 6.30479e-05 0.000143667 -6.75512e-05 4.24094e-05 -1.85052e-05 0.0173363 -0.000760977 -1.30768e-05 -6.69506e-05 3.27765e-05 -2.07482e-05 9.59343e-06 -0.00886194 0.000484743 1.23632e-06 4.30729e-05 -2.16578e-05 1.3782e-05 -6.59885e-06 0.00631669 -0.000381148 2.29511e-06 -3.40636e-05 1.73881e-05 -1.1097e-05 5.41329e-06 
0 0 0 0 0 0 0 0 0 0 0 0 0 0 0 1 -0.407806 0.0801747 -0.0373094 0.0226335 -0.0173889 -0.0422536 -0.249129 0.00711429 0.000346813 0.000249431 -6.36764e-05 2.77577e-05 0.0103209 0.0616769 -0.00309394 -0.000122097 -0.000112475 3.10888e-05 -1.39415e-05 -0.00508304 -0.0306412 0.00189305 6.11554e-05 7.07047e-05 -2.06239e-05 9.41212e-06 0.00355147 0.021514 -0.00145265 -4.04306e-05 -5.51605e-05 1.65941e-05 -7.64541e-06 
0 0 0 0 0 0 0 0 0 0 0 0 0 0 0 0 1 -0.389166 0.0837542 -0.0432736 0.029559 -0.00816071 -0.104008 -0.346192 0.00875502 0.000205561 0.000297434 -5.60325e-05 0.00180035 0.0243462 0.084216 -0.0037742 -6.02583e-05 -0.000133602 2.80224e-05 -0.000837081 -0.0117195 -0.0414468 0.00229357 2.31255e-05 8.375e-05 -1.88693e-05 0.000568265 0.00809797 0.0289668 -0.00175247 -1.11552e-05 -6.52279e-05 1.5306e-05 
0 0 0 0 0 0 0 0 0 0 0 0 0 0 0 0 0 1 -0.388138 0.0913423 -0.05295 -0.00365797 -0.0174955 -0.124931 -0.368695 0.00855717 0.000381697 0.000183107 0.000844007 0.00375427 0.0289015 0.0893936 -0.00369025 -0.000134849 -8.42058e-05 -0.000403871 -0.00172037 -0.0138257 -0.0439169 0.00224319 6.78166e-05 5.36794e-05 0.000278512 0.00116044 0.00952521 0.0306665 -0.00171428 -4.4995e-05 -4.2226e-05 
0 0 0 0 0 0 0 0 0 0 0 0 0 0 0 0 0 0 1 -0.444871 0.127689 3.81616e-05 -0.0083458 -0.0191619 -0.132953 -0.334861 0.00760179 0.000360935 -3.57513e-05 0.00190745 0.00405149 0.0307827 0.0814349 -0.00330256 -0.000132208 2.44152e-05 -0.000907499 -0.00184029 -0.0147325 -0.0400751 0.00201909 6.92138e-05 -1.93422e-05 0.00062392 0.0012359 0.0101524 0.0280081 -0.0015486 -4.7512e-05 
0 0 0 0 0 0 0 0 0 0 0 0 0 0 0 0 0 0 0 1 -0.602521 -0.000806225 0.000258557 -0.0113694 -0.0222545 -0.132082 -0.239132 0.00336849 0.000202741 -0.000126447 0.00261836 0.00471202 0.0309405 0.0588482 -0.00153234 -0.00010177 7.8257e-05 -0.00125116 -0.0021409 -0.0149021 -0.0291495 0.000969366 7.18799e-05 -5.99403e-05 0.000862071 0.00143758 0.0103005 0.0204391 -0.0007591 
0 0 0 0 0 0 0 0 0 0 0 0 0 0 0 0 0 0 0 0 1 0.000471867 -0.00199806 0.000994213 -0.0122827 -0.0206851 -0.0897562 -0.0817151 -0.000126117 0.000491814 -0.000312621 0.00284629 0.00451502 0.0217738 0.0209988 6.52466e-05 -0.000243651 0.000171631 -0.00136478 -0.00208641 -0.0106852 -0.0106627 -4.67421e-05 0.000170859 -0.000125749 0.000941941 0.00141209 0.00745284 0.00757387 
0 0 0 0 0 0 0 0 0 0 0 0 0 0 0 0 0 0 0 0 0 1 -0.345451 0.0866594 -0.0441996 0.0285564 -0.0220413 0.0190093 -0.0631099 0.00142637 0.000215998 0.000169739 -3.15287e-05 3.42685e-05 -1.08175e-05 0.0180512 -0.000729542 -9.6159e-05 -8.44324e-05 1.80696e-05 -1.80236e-05 6.09012e-06 -0.0104274 0.000520825 6.333e-05 5.95249e-05 -1.36136e-05 1.30794e-05 -4.57615e-06 
0 0 0 0 0 0 0 0 0 0 0 0 0 0 0 0 0 0 0 0 0 0 1 -0.426079 0.0791851 -0.0400006 0.0230638 -0.0180714 -0.0419658 -0.244195 0.00829065 0.00139914 0.000529092 3.50448e-05 2.81724e-05 0.0113322 0.0666229 -0.00407003 -0.000640753 -0.000253608 -1.25119e-05 -1.45867e-05 -0.0063388 -0.0374966 0.00284268 0.000431264 0.000175279 7.05191e-06 1.05169e-05 
0 0 0 0 0 0 0 0 0 0 0 0 0 0 0 0 0 0 0 0 0 0 0 1 -0.424702 0.0828098 -0.0475824 0.0312056 -0.00896378 -0.108646 -0.346764 0.0120994 0.00173257 0.000648347 7.04965e-06 0.00212773 0.0276908 0.0922979 -0.00587148 -0.0007882 -0.000310561 1.67926e-07 -0.00110105 -0.0149889 -0.0512497 0.0040771 0.000528862 0.000214549 -1.47099e-06 
0 0 0 0 0 0 0 0 0 0 0 0 0 0 0 0 0 0 0 0 0 0 0 0 1 -0.428906 0.0929084 -0.0573687 -0.00430565 -0.0222739 -0.136489 -0.373144 0.0121369 0.00169826 0.000312921 0.0010437 0.00496553 0.0339685 0.0986789 -0.0058864 -0.000778655 -0.000151793 -0.000548685 -0.00246441 -0.0181314 -0.0545981 0.00408642 0.000524493 0.000105633 
0 0 0 0 0 0 0 0 0 0 0 0 0 0 0 0 0 0 0 0 0 0 0 0 0 1 -0.481307 0.13548 -0.000377874 -0.011293 -0.0273076 -0.14598 -0.337016 0.00960469 0.00076667 3.92885e-05 0.00265732 0.00593102 0.0363254 0.0894806 -0.00469931 -0.000356135 -3.24033e-06 -0.00137087 -0.00288886 -0.0193885 -0.0496205 0.00327684 0.000241022 
0 0 0 0 0 0 0 0 0 0 0 0 0 0 0 0 0 0 0 0 0 0 0 0 0 0 1 -0.631501 -0.000971282 -0.00115744 -0.015391 -0.0297654 -0.139773 -0.236225 0.0032275 0.000254262 0.000131886 0.00364929 0.00652754 0.0355242 0.0638014 -0.00163476 -0.000140189 -2.01889e-05 -0.00189222 -0.00320075 -0.0192002 -0.0357159 0.00116115 
0 0 0 0 0 0 0 0 0 0 0 0 0 0 0 0 0 0 0 0 0 0 0 0 0 0 0 1 0.000384656 -0.00237206 -0.000336646 -0.0145772 -0.0238642 -0.0904425 -0.0783458 -0.000119198 0.000613292 -8.94291e-05 0.00354839 0.00556639 0.0241679 0.0221427 7.14619e-05 -0.000335422 0.000103622 -0.00187024 -0.00284769 -0.0134413 -0.0127091 
0 0 0 0 0 0 0 0 0 0 0 0 0 0 0 0 0 0 0 0 0 0 0 0 0 0 0 0 1 -0.339716 0.0847781 -0.0435617 0.027977 -0.0216643 0.0186575 -0.0802436 0.00171878 0.000302602 0.000220557 -2.44637e-05 4.29911e-05 -1.08982e-05 0.026839 -0.000993811 -0.000154137 -0.000120731 1.81336e-05 -2.47854e-05 6.87985e-06 
0 0 0 0 0 0 0 0 0 0 0 0 0 0 0 0 0 0 0 0 0 0 0 0 0 0 0 0 0 1 -0.40343 0.0717838 -0.038691 0.0213741 -0.0170841 -0.049903 -0.295348 0.00996869 0.00192924 0.000771264 0.000102238 3.85123e-05 0.015861 0.0947829 -0.00552148 -0.000971079 -0.000398855 -4.38704e-05 -2.11725e-05 
0 0 0 0 0 0 0 0 0 0 0 0 0 0 0 0 0 0 0 0 0 0 0 0 0 0 0 0 0 0 1 -0.397399 0.0719837 -0.0449804 0.0285052 -0.00916644 -0.120514 -0.408146 0.0145821 0.00249609 0.000921754 3.78391e-05 0.00254437 0.0362365 0.128132 -0.00792225 -0.00123364 -0.000476619 -1.34308e-05 
0 0 0 0 0 0 0 0 0 0 0 0 0 0 0 0 0 0 0 0 0 0 0 0 0 0 0 0 0 0 0 1 -0.400338 0.0819788 -0.0529541 -0.00460354 -0.0219571 -0.148605 -0.437339 0.0146292 0.00228632 0.000396105 0.00132224 0.00570782 0.0436625 0.13649 -0.00793535 -0.00114898 -0.000209605 
0 0 0 0 0 0 0 0 0 0 0 0 0 0 0 0 0 0 0 0 0 0 0 0 0 0 0 0 0 0 0 0 1 -0.446726 0.123728 -0.000265534 -0.0121983 -0.0271476 -0.159526 -0.397757 0.0113176 0.000952991 7.21759e-06 0.00340327 0.00687411 0.0468664 0.124608 -0.00623292 -0.000499557 
0 0 0 0 0 0 0 0 0 0 0 0 0 0 0 0 0 0 0 0 0 0 0 0 0 0 0 0 0 0 0 0 0 1 -0.589605 -0.00115446 -0.000993339 -0.0167193 -0.0292892 -0.155246 -0.284144 0.00368144 0.000357586 9.07588e-05 0.00470197 0.00747536 0.046584 0.0904273 -0.00210757 
0 0 0 0 0 0 0 0 0 0 0 0 0 0 0 0 0 0 0 0 0 0 0 0 0 0 0 0 0 0 0 0 0 0 1 0.000517415 -0.00282076 0.000185784 -0.0157056 -0.0237188 -0.10576 -0.0978755 -0.000184607 0.000864758 -0.000279406 0.00453692 0.00645361 0.0333159 0.0324183 
0 0 0 0 0 0 0 0 0 0 0 0 0 0 0 0 0 0 0 0 0 0 0 0 0 0 0 0 0 0 0 0 0 0 0 1 -0.316919 0.0773084 -0.0405793 0.0258023 -0.0200344 0.0171811 -0.150614 0.00339493 0.000495273 0.000402965 -6.204e-05 8.5639e-05 -2.27506e-05 
0 0 0 0 0 0 0 0 0 0 0 0 0 0 0 0 0 0 0 0 0 0 0 0 0 0 0 0 0 0 0 0 0 0 0 0 1 -0.331637 0.05307 -0.0320751 0.0168744 -0.0137787 -0.0720241 -0.459829 0.0153577 0.00258198 0.00113461 0.000128956 6.2535e-05 
0 0 0 0 0 0 0 0 0 0 0 0 0 0 0 0 0 0 0 0 0 0 0 0 0 0 0 0 0 0 0 0 0 0 0 0 0 1 -0.310659 0.0489395 -0.0345765 0.0209737 -0.00725788 -0.139501 -0.587605 0.0200577 0.00301655 0.00124063 3.19076e-05 
0 0 0 0 0 0 0 0 0 0 0 0 0 0 0 0 0 0 0 0 0 0 0 0 0 0 0 0 0 0 0 0 0 0 0 0 0 0 1 -0.307715 0.0560301 -0.0390661 -0.00491699 -0.015346 -0.160692 -0.619601 0.019682 0.00269833 0.000519921 
0 0 0 0 0 0 0 0 0 0 0 0 0 0 0 0 0 0 0 0 0 0 0 0 0 0 0 0 0 0 0 0 0 0 0 0 0 0 0 1 -0.342434 0.0894299 0.000512514 -0.0121152 -0.0182046 -0.173385 -0.575959 0.0157808 0.00120674 
0 0 0 0 0 0 0 0 0 0 0 0 0 0 0 0 0 0 0 0 0 0 0 0 0 0 0 0 0 0 0 0 0 0 0 0 0 0 0 0 1 -0.462645 -0.00162202 0.000868812 -0.0168625 -0.0193499 -0.180608 -0.439445 0.00576509 
0 0 0 0 0 0 0 0 0 0 0 0 0 0 0 0 0 0 0 0 0 0 0 0 0 0 0 0 0 0 0 0 0 0 0 0 0 0 0 0 0 1 0.00115291 -0.00397209 0.00310487 -0.0171887 -0.016259 -0.146588 -0.17383 
0 0 0 0 0 0 0 0 0 0 0 0 0 0 0 0 0 0 0 0 0 0 0 0 0 0 0 0 0 0 0 0 0 0 0 0 0 0 0 0 0 0 1 -0.222045 0.0485197 -0.0277885 0.0171166 -0.0133077 0.0111331 
0 0 0 0 0 0 0 0 0 0 0 0 0 0 0 0 0 0 0 0 0 0 0 0 0 0 0 0 0 0 0 0 0 0 0 0 0 0 0 0 0 0 0 1 -0.171148 0.0193525 -0.016195 0.00762604 -0.00641878 
0 0 0 0 0 0 0 0 0 0 0 0 0 0 0 0 0 0 0 0 0 0 0 0 0 0 0 0 0 0 0 0 0 0 0 0 0 0 0 0 0 0 0 0 1 -0.147053 0.0151051 -0.0147009 0.0078346 
0 0 0 0 0 0 0 0 0 0 0 0 0 0 0 0 0 0 0 0 0 0 0 0 0 0 0 0 0 0 0 0 0 0 0 0 0 0 0 0 0 0 0 0 0 1 -0.140558 0.0171523 -0.0146133 
0 0 0 0 0 0 0 0 0 0 0 0 0 0 0 0 0 0 0 0 0 0 0 0 0 0 0 0 0 0 0 0 0 0 0 0 0 0 0 0 0 0 0 0 0 0 1 -0.153005 0.0304128 
0 0 0 0 0 0 0 0 0 0 0 0 0 0 0 0 0 0 0 0 0 0 0 0 0 0 0 0 0 0 0 0 0 0 0 0 0 0 0 0 0 0 0 0 0 0 0 1 -0.20397 
0 0 0 0 0 0 0 0 0 0 0 0 0 0 0 0 0 0 0 0 0 0 0 0 0 0 0 0 0 0 0 0 0 0 0 0 0 0 0 0 0 0 0 0 0 0 0 0 1 
===================

=== Solution ===
x1 = 1.70711
x2 = 1.35355
x3 = 1
x4 = 0.853553
x5 = 0.999999
x6 = 1.35355
x7 = 1.70711
x8 = 1.35355
x9 = 1
x10 = 0.646447
x11 = 0.5
x12 = 0.646446
x13 = 0.999999
x14 = 1.35355
x15 = 1
x16 = 0.646447
x17 = 0.292893
x18 = 0.146446
x19 = 0.292893
x20 = 0.646447
x21 = 1
x22 = 0.853553
x23 = 0.5
x24 = 0.146446
x25 = -2.95616e-07
x26 = 0.146446
x27 = 0.5
x28 = 0.853553
x29 = 0.999999
x30 = 0.646446
x31 = 0.292893
x32 = 0.146446
x33 = 0.292893
x34 = 0.646446
x35 = 0.999999
x36 = 1.35355
x37 = 0.999999
x38 = 0.646447
x39 = 0.5
x40 = 0.646446
x41 = 0.999999
x42 = 1.35355
x43 = 1.70711
x44 = 1.35355
x45 = 1
x46 = 0.853553
x47 = 0.999999
x48 = 1.35355
x49 = 1.70711
================

