=== Matrix Properties ===
Is Square             : Yes
Is Symmetric          : No
Is Identity           : No
Is Null               : No
Is Diagonal           : No
Is Diagonally Dominant: No
Determinant           : -3.42032e+98
=========================

=== Doolittle ===
L Matrix:
1 0 0 0 0 0 0 0 0 0 0 0 0 0 0 0 0 0 0 0 0 0 0 0 0 0 0 0 0 0 0 0 0 0 0 0 0 0 0 0 0 0 0 0 0 0 0 0 0 
-0.0948245 1 0 0 0 0 0 0 0 0 0 0 0 0 0 0 0 0 0 0 0 0 0 0 0 0 0 0 0 0 0 0 0 0 0 0 0 0 0 0 0 0 0 0 0 0 0 0 0 
0.0157874 -0.0719321 1 0 0 0 0 0 0 0 0 0 0 0 0 0 0 0 0 0 0 0 0 0 0 0 0 0 0 0 0 0 0 0 0 0 0 0 0 0 0 0 0 0 0 0 0 0 0 
-0.00616538 0.0155223 -0.0616728 1 0 0 0 0 0 0 0 0 0 0 0 0 0 0 0 0 0 0 0 0 0 0 0 0 0 0 0 0 0 0 0 0 0 0 0 0 0 0 0 0 0 0 0 0 0 
0.00398559 -0.0078951 0.0175375 -0.0687202 1 0 0 0 0 0 0 0 0 0 0 0 0 0 0 0 0 0 0 0 0 0 0 0 0 0 0 0 0 0 0 0 0 0 0 0 0 0 0 0 0 0 0 0 0 
-0.00425982 0.00739315 -0.0128095 0.0272014 -0.106557 1 0 0 0 0 0 0 0 0 0 0 0 0 0 0 0 0 0 0 0 0 0 0 0 0 0 0 0 0 0 0 0 0 0 0 0 0 0 0 0 0 0 0 0 
0.010525 -0.0168634 0.0254072 -0.0408749 0.0825256 -0.298935 1 0 0 0 0 0 0 0 0 0 0 0 0 0 0 0 0 0 0 0 0 0 0 0 0 0 0 0 0 0 0 0 0 0 0 0 0 0 0 0 0 0 0 
-0.0948245 -0.0296452 0.00519377 -0.00304852 0.00203436 -0.00143147 0.000722212 1 0 0 0 0 0 0 0 0 0 0 0 0 0 0 0 0 0 0 0 0 0 0 0 0 0 0 0 0 0 0 0 0 0 0 0 0 0 0 0 0 0 
-0 -0.157214 -0.0158632 0.00274628 -0.00131854 0.000777437 -0.000358142 -0.16197 1 0 0 0 0 0 0 0 0 0 0 0 0 0 0 0 0 0 0 0 0 0 0 0 0 0 0 0 0 0 0 0 0 0 0 0 0 0 0 0 0 
-0 -0 -0.168281 -0.0114161 0.0022121 -0.00102326 0.000420287 0.0266518 -0.240332 1 0 0 0 0 0 0 0 0 0 0 0 0 0 0 0 0 0 0 0 0 0 0 0 0 0 0 0 0 0 0 0 0 0 0 0 0 0 0 0 
-0 -0 -0 -0.170791 -0.010608 0.00201091 -0.000666484 -0.0104396 0.0489046 -0.242662 1 0 0 0 0 0 0 0 0 0 0 0 0 0 0 0 0 0 0 0 0 0 0 0 0 0 0 0 0 0 0 0 0 0 0 0 0 0 0 
-0 -0 -0 -0 -0.167638 -0.0123876 0.00144923 0.00674537 -0.0241947 0.0646305 -0.279974 1 0 0 0 0 0 0 0 0 0 0 0 0 0 0 0 0 0 0 0 0 0 0 0 0 0 0 0 0 0 0 0 0 0 0 0 0 0 
-0 -0 -0 -0 -0 -0.153994 -0.0147454 -0.00718098 0.0221012 -0.0453796 0.103449 -0.409535 1 0 0 0 0 0 0 0 0 0 0 0 0 0 0 0 0 0 0 0 0 0 0 0 0 0 0 0 0 0 0 0 0 0 0 0 0 
-0 -0 -0 -0 -0 -0 -0.0977101 0.0176916 -0.0495194 0.0873952 -0.148949 0.292669 -0.928951 1 0 0 0 0 0 0 0 0 0 0 0 0 0 0 0 0 0 0 0 0 0 0 0 0 0 0 0 0 0 0 0 0 0 0 0 
0.0157874 0.00493567 -0.000864717 0.000507552 -0.000338703 0.000238327 -0.000120242 -0.0718468 -0.0720614 -0.00461026 -0.00710354 0.00340452 -0.0021154 0.000569689 1 0 0 0 0 0 0 0 0 0 0 0 0 0 0 0 0 0 0 0 0 0 0 0 0 0 0 0 0 0 0 0 0 0 0 
-0 0.0261747 0.00264109 -0.000457232 0.000219526 -0.000129437 5.96275e-05 0.000768201 -0.228141 -0.0870186 -0.00384836 -0.00379656 0.00119071 -0.000338719 -0.172127 1 0 0 0 0 0 0 0 0 0 0 0 0 0 0 0 0 0 0 0 0 0 0 0 0 0 0 0 0 0 0 0 0 0 
-0 -0 0.0280172 0.00190069 -0.000368296 0.000170364 -6.99741e-05 -7.55014e-05 0.00199506 -0.287025 -0.0764551 -0.000769989 -0.00308762 0.000438006 0.0277482 -0.314692 1 0 0 0 0 0 0 0 0 0 0 0 0 0 0 0 0 0 0 0 0 0 0 0 0 0 0 0 0 0 0 0 0 
-0 -0 -0 0.0284353 0.00176615 -0.000334799 0.000110964 3.47222e-05 -0.000277358 0.00215853 -0.299338 -0.0697553 -0.00200439 -0.00147954 -0.011101 0.0581543 -0.358675 1 0 0 0 0 0 0 0 0 0 0 0 0 0 0 0 0 0 0 0 0 0 0 0 0 0 0 0 0 0 0 0 
-0 -0 -0 -0 0.0279103 0.00206242 -0.000241284 -2.1896e-05 0.000132383 -0.000398252 0.00245595 -0.279027 -0.0642406 -0.00370561 0.00712941 -0.0302602 0.08388 -0.421433 1 0 0 0 0 0 0 0 0 0 0 0 0 0 0 0 0 0 0 0 0 0 0 0 0 0 0 0 0 0 0 
-0 -0 -0 -0 -0 0.0256386 0.00245498 1.86583e-05 -9.63936e-05 0.00022339 -0.00053096 0.00320214 -0.214537 -0.0372596 -0.00760643 0.0271771 -0.061143 0.136412 -0.586687 1 0 0 0 0 0 0 0 0 0 0 0 0 0 0 0 0 0 0 0 0 0 0 0 0 0 0 0 0 0 
-0 -0 -0 -0 -0 -0 0.0162679 -3.76255e-05 0.000170716 -0.000325566 0.000545501 -0.00089703 0.00451827 -0.0836309 0.0187662 -0.0609672 0.11555 -0.202343 0.383534 -1.17812 1 0 0 0 0 0 0 0 0 0 0 0 0 0 0 0 0 0 0 0 0 0 0 0 0 0 0 0 0 
-0.00616538 -0.0019275 0.000337693 -0.000198211 0.000132272 -9.30726e-05 4.69574e-05 0.0154776 0.0146356 0.000832808 0.00145107 -0.000706357 0.000443103 -0.000122306 -0.0615112 -0.0775391 -0.0146876 -0.0120243 0.00217792 -0.00235569 0.000436055 1 0 0 0 0 0 0 0 0 0 0 0 0 0 0 0 0 0 0 0 0 0 0 0 0 0 0 0 
-0 -0.0102219 -0.00103141 0.00017856 -8.57301e-05 5.05481e-05 -2.3286e-05 -0.000300001 0.0471574 0.0174024 0.000720474 0.00077096 -0.000248474 7.17109e-05 0.00078065 -0.22973 -0.124086 -0.0230338 -0.00956983 -0.000293208 -0.000480542 -0.173759 1 0 0 0 0 0 0 0 0 0 0 0 0 0 0 0 0 0 0 0 0 0 0 0 0 0 0 
-0 -0 -0.0109414 -0.000742265 0.000143828 -6.65311e-05 2.73266e-05 2.94851e-05 -0.000779121 0.058941 0.015258 0.000119167 0.000626868 -9.20964e-05 5.34009e-05 0.00521797 -0.319039 -0.124669 -0.0175624 -0.00754495 -0.000229647 0.0279671 -0.328861 1 0 0 0 0 0 0 0 0 0 0 0 0 0 0 0 0 0 0 0 0 0 0 0 0 0 
-0 -0 -0 -0.0111047 -0.000689723 0.000130747 -4.33341e-05 -1.35599e-05 0.000108315 -0.000842957 0.0614031 0.0139258 0.000364552 0.000301163 3.17847e-05 0.000222734 0.00765967 -0.339725 -0.112625 -0.0150945 -0.0033842 -0.0113166 0.0575434 -0.391343 1 0 0 0 0 0 0 0 0 0 0 0 0 0 0 0 0 0 0 0 0 0 0 0 0 
-0 -0 -0 -0 -0.0108997 -0.000805425 9.42273e-05 8.5509e-06 -5.16989e-05 0.000155527 -0.000959109 0.0573302 0.0128627 0.000712743 -1.12642e-05 0.000202606 0.000228055 0.0088191 -0.308582 -0.0920891 -0.00882355 0.00718139 -0.0324411 0.08289 -0.465751 1 0 0 0 0 0 0 0 0 0 0 0 0 0 0 0 0 0 0 0 0 0 0 0 
-0 -0 -0 -0 -0 -0.0100125 -0.00095873 -7.28653e-06 3.7644e-05 -8.72392e-05 0.000207353 -0.00125051 0.0443423 0.00755287 9.02049e-06 -7.13784e-05 0.00034489 0.000552846 0.00936638 -0.220493 -0.0422852 -0.007712 0.0278419 -0.0669653 0.139186 -0.634474 1 0 0 0 0 0 0 0 0 0 0 0 0 0 0 0 0 0 0 0 0 0 0 
-0 -0 -0 -0 -0 -0 -0.006353 1.46937e-05 -6.66687e-05 0.000127141 -0.000213031 0.000350312 -0.0017645 0.0178699 -1.62411e-05 0.000129899 -0.0002623 0.000670537 0.000657658 0.00605947 -0.0753823 0.0190093 -0.0634268 0.12192 -0.218112 0.406374 -1.23377 1 0 0 0 0 0 0 0 0 0 0 0 0 0 0 0 0 0 0 0 0 0 
0.00398559 0.00124603 -0.000218301 0.000128133 -8.55065e-05 6.01665e-05 -3.03555e-05 -0.00786428 -0.0071624 -0.000373677 -0.000712859 0.000350555 -0.000221253 6.20147e-05 0.0174428 0.020636 0.00333934 0.00305058 -0.000667012 0.000643511 -0.00012769 -0.0685355 -0.0906813 -0.0195363 -0.0161242 0.00143114 -0.00309384 0.000417478 1 0 0 0 0 0 0 0 0 0 0 0 0 0 0 0 0 0 0 0 0 
-0 0.00660789 0.00066675 -0.00011543 5.54199e-05 -3.26767e-05 1.50531e-05 0.000193935 -0.023347 -0.0084277 -0.000332582 -0.000377254 0.000123772 -3.60487e-05 -0.000394243 0.0619155 0.0314148 0.00525234 0.00234803 7.58608e-06 0.000126412 0.000791201 -0.265154 -0.152921 -0.0347118 -0.0154653 -0.0019172 -0.000792505 -0.17088 1 0 0 0 0 0 0 0 0 0 0 0 0 0 0 0 0 0 0 0 
-0 -0 0.00707304 0.000479835 -9.29774e-05 4.30088e-05 -1.76652e-05 -1.90606e-05 0.00050366 -0.0290562 -0.00737859 -4.61385e-05 -0.000306704 4.60971e-05 -2.36609e-05 -0.00256391 0.084302 0.0311074 0.00392971 0.00185294 3.13968e-05 0.000116752 0.00695341 -0.376609 -0.160908 -0.0297288 -0.0122796 -0.000851246 0.0273293 -0.311268 1 0 0 0 0 0 0 0 0 0 0 0 0 0 0 0 0 0 0 
-0 -0 -0 0.00717858 0.000445869 -8.4521e-05 2.80132e-05 8.76574e-06 -7.00199e-05 0.000544927 -0.0302484 -0.006736 -0.000164484 -0.000147602 -1.61591e-05 -9.87424e-05 -0.00374777 0.0894284 0.0281297 0.00341929 0.000828447 5.17051e-05 0.00102763 0.0120253 -0.405278 -0.146054 -0.0237176 -0.00494888 -0.0111685 0.0521134 -0.366224 1 0 0 0 0 0 0 0 0 0 0 0 0 0 0 0 0 0 
-0 -0 -0 -0 0.00704605 0.000520664 -6.09129e-05 -5.5277e-06 3.34206e-05 -0.00010054 0.000620013 -0.0282723 -0.00623435 -0.000335757 5.97344e-06 -0.000101216 -9.67667e-05 -0.00431573 0.0815023 0.023303 0.00209806 -1.69324e-06 0.000464732 0.00185304 0.0142232 -0.366037 -0.115039 -0.0118197 0.00702382 -0.0312506 0.0721168 -0.434725 1 0 0 0 0 0 0 0 0 0 0 0 0 0 0 0 0 
-0 -0 -0 -0 -0 0.00647255 0.000619768 4.71035e-06 -2.43349e-05 5.63955e-05 -0.000134043 0.000808389 -0.0219522 -0.00369147 -4.81804e-06 3.71522e-05 -0.000172784 -0.00024808 -0.00460073 0.0590209 0.0111486 9.4359e-06 2.27192e-05 0.000875841 0.00256521 0.013503 -0.256589 -0.0502205 -0.00758225 0.0257528 -0.0632403 0.123093 -0.588886 1 0 0 0 0 0 0 0 0 0 0 0 0 0 0 0 
-0 -0 -0 -0 -0 -0 0.00410688 -9.49868e-06 4.30978e-05 -8.21902e-05 0.000137713 -0.000226458 0.00114065 -0.00903463 8.78958e-06 -6.75224e-05 0.000136406 -0.000339834 -0.00028666 -0.00304674 0.0211179 -1.16936e-05 0.000135648 -0.00011806 0.00111612 0.00180691 0.00675765 -0.0850797 0.0186575 -0.059588 0.111958 -0.201224 0.372366 -1.15305 1 0 0 0 0 0 0 0 0 0 0 0 0 0 0 
-0.00425982 -0.00133176 0.000233321 -0.000136949 9.13898e-05 -6.43062e-05 3.24441e-05 0.00735926 0.0065321 0.000318926 0.000651891 -0.000322853 0.000204627 -5.79517e-05 -0.0127186 -0.0144212 -0.00207031 -0.0020643 0.000506618 -0.000457908 9.48271e-05 0.0270495 0.0336743 0.00608686 0.00552137 -0.000790204 0.0011386 -0.000179018 -0.10628 -0.131154 -0.0231879 -0.0213603 0.00274398 -0.00451005 0.000688141 1 0 0 0 0 0 0 0 0 0 0 0 0 0 
-0 -0.00706254 -0.000712626 0.000123372 -5.9233e-05 3.4925e-05 -1.60889e-05 -0.000207278 0.021466 0.00762881 0.000290404 0.00034403 -0.000114283 3.34925e-05 0.000367427 -0.0436605 -0.0212108 -0.00326886 -0.00155039 2.70798e-05 -8.77933e-05 -0.000575075 0.0994831 0.0534129 0.0105918 0.0049811 0.000444677 0.000268116 0.00121028 -0.390243 -0.205734 -0.0411622 -0.0201391 -0.0021605 -0.00111618 -0.159444 1 0 0 0 0 0 0 0 0 0 0 0 0 
-0 -0 -0.0075597 -0.000512849 9.93747e-05 -4.5968e-05 1.88806e-05 2.0372e-05 -0.000538314 0.0266358 0.00667224 3.42177e-05 0.000279666 -4.27032e-05 1.9983e-05 0.00234495 -0.0586698 -0.0207857 -0.0024062 -0.00122433 -8.27862e-06 -7.44993e-05 -0.00481093 0.137712 0.0548433 0.00883576 0.00395573 0.000210886 0.00020122 0.0106057 -0.538672 -0.212035 -0.0354787 -0.0160182 -0.000915727 0.0248009 -0.255555 1 0 0 0 0 0 0 0 0 0 0 0 
-0 -0 -0 -0.0076725 -0.000476547 9.03365e-05 -2.99406e-05 -9.36886e-06 7.48375e-05 -0.00058242 0.0277149 0.00609223 0.000141024 0.000134754 1.51271e-05 8.34318e-05 0.00341749 -0.0620783 -0.0188096 -0.00211586 -0.000546136 -3.53445e-05 -0.000640367 -0.00818332 0.147214 0.0497824 0.00717913 0.00161153 8.83469e-05 0.00182553 0.0184225 -0.576991 -0.193191 -0.0282055 -0.00628537 -0.0104165 0.0383313 -0.28638 1 0 0 0 0 0 0 0 0 0 0 
-0 -0 -0 -0 -0.00753085 -0.000556488 6.5104e-05 5.90803e-06 -3.57201e-05 0.000107457 -0.000662673 0.0259237 0.00564674 0.00029779 -5.74527e-06 9.36413e-05 7.86745e-05 0.00393584 -0.0567063 -0.0157294 -0.00135076 2.49e-06 -0.000309774 -0.00114582 -0.00966927 0.133516 0.0400223 0.00383932 4.5585e-06 0.000857475 0.00342772 0.0217977 -0.52489 -0.154853 -0.0145243 0.00645344 -0.025619 0.0491452 -0.334113 1 0 0 0 0 0 0 0 0 0 
-0 -0 -0 -0 -0 -0.00691789 -0.00066241 -5.03445e-06 2.60092e-05 -6.02758e-05 0.000143265 -0.00086401 0.0201831 0.00336355 4.6545e-06 -3.53161e-05 0.000160161 0.000211746 0.00420684 -0.0414366 -0.00774257 -7.0209e-06 -5.19347e-06 -0.00058126 -0.00160689 -0.00929747 0.0952864 0.0184148 1.62696e-05 0.000121388 0.00160369 0.00442699 0.020196 -0.375372 -0.0713133 -0.00700243 0.0200263 -0.0485983 0.0844574 -0.451353 1 0 0 0 0 0 0 0 0 
-0 -0 -0 -0 -0 -0 -0.00438945 1.01522e-05 -4.60631e-05 8.78452e-05 -0.000147189 0.000242039 -0.00121913 0.00842638 -8.55915e-06 6.41311e-05 -0.000129591 0.000317471 0.000238725 0.00283113 -0.0152793 9.3689e-06 -0.000100306 0.000106402 -0.000766254 -0.00114334 -0.00486035 0.0331527 -1.51637e-05 0.000211174 -6.19092e-05 0.00176235 0.00288998 0.00978283 -0.12956 0.0171811 -0.0471551 0.0834022 -0.148902 0.27223 -0.90745 1 0 0 0 0 0 0 0 
0.010525 0.00329045 -0.000576478 0.000338368 -0.000225802 0.000158885 -8.01613e-05 -0.0167784 -0.0146313 -0.000679958 -0.00146295 0.000728113 -0.00046282 0.000132001 0.0251985 0.0277305 0.00362625 0.00387982 -0.00102878 0.000892028 -0.000190064 -0.0405666 -0.0482811 -0.00754879 -0.00747914 0.00138303 -0.00163047 0.000281655 0.0820394 0.094498 0.0129196 0.0139556 -0.00281136 0.00321884 -0.000577618 -0.29818 -0.280189 -0.0197242 -0.0362824 0.0104522 -0.00985844 0.00229636 1 0 0 0 0 0 0 
-0 0.0174498 0.00176072 -0.000304821 0.00014635 -8.62911e-05 3.97517e-05 0.000512134 -0.0483552 -0.0169978 -0.000630165 -0.000770556 0.000258191 -7.59898e-05 -0.0008354 0.0845114 0.0397863 0.00574837 0.00286062 -9.55178e-05 0.0001682 0.00113803 -0.143831 -0.0731958 -0.0129664 -0.00643228 -0.00038542 -0.000361695 -0.0018176 0.284709 0.137335 0.022429 0.0120958 0.000683247 0.000720655 0.00398123 -0.901826 -0.349708 -0.0409007 -0.0293157 0.000267416 -0.00212325 -0.111817 1 0 0 0 0 0 
-0 -0 0.0186782 0.00126713 -0.000245531 0.000113576 -4.66494e-05 -5.03343e-05 0.00133004 -0.0598765 -0.0148555 -6.42762e-05 -0.000626352 9.6694e-05 -4.22494e-05 -0.00526296 0.11252 0.0386886 0.0041725 0.00226021 -2.4136e-06 0.000133405 0.00919206 -0.195532 -0.0738037 -0.0105662 -0.00510884 -0.000202828 -0.000262274 -0.0150236 0.381542 0.137076 0.0185792 0.00962284 0.000324319 0.000542665 0.026706 -1.14805 -0.335167 -0.0337846 -0.0232554 0.000161657 0.0151802 -0.131374 1 0 0 0 0 
-0 -0 -0 0.0189569 0.00117743 -0.000223199 7.39759e-05 2.31482e-05 -0.000184905 0.00143902 -0.0622809 -0.0135658 -0.000301745 -0.00030206 -3.44969e-05 -0.000176462 -0.00765414 0.118841 0.0350295 0.00370241 0.00100648 6.70446e-05 0.00112608 0.0154476 -0.208064 -0.0670038 -0.00872498 -0.00209694 -0.000120257 -0.00225966 -0.0254408 0.405451 0.124895 0.0151845 0.00383446 0.000251368 0.00375005 0.0410385 -1.20948 -0.307129 -0.0273904 -0.00921364 -0.00712519 0.0136363 -0.135595 1 0 0 0 
-0 -0 -0 -0 0.0186069 0.00137495 -0.000160856 -1.45973e-05 8.82555e-05 -0.000265501 0.0016373 -0.0582861 -0.0125869 -0.000653774 1.3337e-05 -0.000211845 -0.000161155 -0.00881575 0.108736 0.0294992 0.00244208 -6.61966e-06 0.000576194 0.00200203 0.0182392 -0.189281 -0.0547034 -0.00495596 -9.8747e-08 -0.00112072 -0.00417171 -0.0300386 0.370753 0.102917 0.00871436 -1.37565e-06 0.00199096 0.00631603 0.0474322 -1.12515 -0.264181 -0.016561 0.00420655 -0.0125162 0.0152099 -0.15257 1 0 0 
-0 -0 -0 -0 -0 0.0170924 0.00163665 1.24389e-05 -6.42624e-05 0.000148927 -0.000353973 0.00213476 -0.0454641 -0.00752923 -1.08355e-05 8.13602e-05 -0.000362811 -0.000451472 -0.0094402 0.0799646 0.0148228 1.4148e-05 -4.7078e-06 0.00107764 0.00283865 0.017703 -0.136802 -0.0261672 -2.37446e-05 -0.000111766 -0.00208105 -0.00549886 -0.0283997 0.270884 0.0506667 5.19696e-05 0.000195034 0.00339433 0.00806986 0.0459536 -0.861156 -0.145729 -0.00459922 0.00851929 -0.0204574 0.0260865 -0.201274 1 0 
-0 -0 -0 -0 -0 -0 0.0108453 -2.50837e-05 0.000113811 -0.000217044 0.000363667 -0.00059802 0.00301218 -0.0191683 2.00262e-05 -0.000147661 0.000298439 -0.000722973 -0.000498993 -0.00642409 0.0301121 -1.97741e-05 0.000201037 -0.000238138 0.00145785 0.00203334 0.00954887 -0.0492768 2.56132e-05 -0.000313762 0.000197144 -0.00241542 -0.00371382 -0.0145151 0.0986972 -5.45338e-05 0.000579162 -0.000405719 0.00386926 0.00554303 0.0255646 -0.343544 0.0111331 -0.0207348 0.0320667 -0.0563325 0.0961621 -0.402382 1 
U Matrix:
-380.049 71.6644 -18.4853 9.17157 -6 4.61984 -4 71.6644 0 0 0 0 0 0 -18.4853 0 0 0 0 0 0 9.17157 0 0 0 0 0 0 -6 0 0 0 0 0 0 4.61984 0 0 0 0 0 0 -4 0 0 0 0 0 0 
0 -229.229 21.6086 -5.13031 2.41275 -1.56193 1.23964 6.79554 71.6644 0 0 0 0 0 -1.75286 -18.4853 0 0 0 0 0 0.869689 9.17157 0 0 0 0 0 -0.568947 -6 0 0 0 0 0 0.438074 4.61984 0 0 0 0 0 -0.379298 -4 0 0 0 0 0 
0 0 -214.154 14.3146 -3.73172 1.91012 -1.3624 -0.642581 5.15498 71.6644 0 0 0 0 0.165749 -1.32969 -18.4853 0 0 0 0 -0.0822371 0.659731 9.17157 0 0 0 0 0.0537991 -0.431593 -6 0 0 0 0 -0.0414239 0.332315 4.61984 0 0 0 0 0.0358661 -0.287729 -4 0 0 0 0 
0 0 0 -211.005 13.3523 -3.82947 2.21522 0.296726 -0.794476 4.41975 71.6644 0 0 0 -0.0765382 0.204929 -1.14004 -18.4853 0 0 0 0.0379749 -0.101677 0.565637 9.17157 0 0 0 -0.024843 0.0665163 -0.370037 -6 0 0 0 0.0191284 -0.0512158 0.284919 4.61984 0 0 0 -0.016562 0.0443442 -0.246691 -4 0 0 0 
0 0 0 0 -214.974 17.2929 -5.79815 -0.200313 0.420796 -0.953089 4.92479 71.6644 0 0 0.0516692 -0.108541 0.245842 -1.27031 -18.4853 0 0 -0.025636 0.0538532 -0.121976 0.630272 9.17157 0 0 0.0167709 -0.0352305 0.079796 -0.412321 -6 0 0 -0.0129132 0.0271266 -0.0614408 0.317476 4.61984 0 0 0.0111806 -0.023487 0.0531973 -0.274881 -4 0 0 
0 0 0 0 0 -234.022 35.3162 0.21739 -0.397343 0.696203 -1.4246 7.63637 71.6644 0 -0.0560739 0.102492 -0.17958 0.367464 -1.96974 -18.4853 0 0.0278214 -0.0508518 0.0890997 -0.182319 0.977298 9.17157 0 -0.0182006 0.033267 -0.0582886 0.119273 -0.639344 -6 0 0.014014 -0.0256147 0.0448807 -0.0918367 0.492278 4.61984 0 -0.0121337 0.022178 -0.0388591 0.079515 -0.426229 -4 0 
0 0 0 0 0 0 -368.825 -0.529699 0.891551 -1.35336 2.097 -3.63137 21.423 71.6644 0.136632 -0.229969 0.349089 -0.540904 0.936684 -5.5259 -18.4853 -0.0677905 0.1141 -0.173202 0.268372 -0.464741 2.7417 9.17157 0.0443482 -0.0746438 0.113308 -0.175568 0.304031 -1.79361 -6 -0.034147 0.0574737 -0.0872443 0.135183 -0.234096 1.38103 4.61984 0.0295655 -0.0497625 0.0755388 -0.117045 0.202688 -1.19574 -4 
0 0 0 0 0 0 0 -229.022 73.7577 -18.8401 9.37647 -6.13224 4.70695 -4.05176 21.5552 -0.539936 0.0915235 -0.0528518 0.0341095 -0.0224703 0.0133503 -5.10384 0.267892 -0.0454099 0.0262227 -0.0169236 0.0111487 -0.00662382 2.39544 -0.175254 0.0297069 -0.0171548 0.0110714 -0.00729345 0.00433327 -1.54859 0.134941 -0.0228736 0.0132087 -0.00852465 0.00561577 -0.0033365 1.2281 -0.116836 0.0198046 -0.0114365 0.00738091 -0.0048623 0.00288885 
0 0 0 0 0 0 0 0 -68.7017 21.4323 -4.66975 2.07572 -1.28566 0.988342 3.21872 20.3459 -0.274692 0.040051 -0.0169821 0.00875259 -0.00445801 -0.69143 -4.50382 0.13629 -0.0198715 0.00842575 -0.00434265 0.00221186 0.299516 2.00291 -0.0891603 0.0129999 -0.00551208 0.00284094 -0.00144699 -0.182704 -1.24635 0.068651 -0.0100095 0.00424416 -0.00218745 0.00111414 0.139933 0.966407 -0.0594402 0.00866657 -0.00367472 0.00189396 -0.000964661 
0 0 0 0 0 0 0 0 0 -54.209 14.2611 -3.48689 1.7253 -1.19932 0.225866 4.68319 20.1684 -0.196583 0.0334917 -0.0138904 0.00634191 -0.0434378 -0.979912 -4.41575 0.0975358 -0.0166171 0.00689177 -0.00314657 0.016836 0.414308 1.94529 -0.0638074 0.0108708 -0.00450857 0.00205847 -0.009332 -0.247908 -1.20199 0.04913 -0.00837024 0.00347148 -0.00158497 0.00669628 0.187555 0.927997 -0.0425383 0.00724721 -0.00300571 0.00137232 
0 0 0 0 0 0 0 0 0 0 -51.9169 13.3876 -3.59915 2.00925 0.110108 0.169277 4.71698 20.1395 -0.182194 0.029456 -0.0104238 -0.0238962 -0.0313495 -0.983656 -4.40143 0.0903963 -0.0146148 0.00517183 0.0104464 0.011626 0.414559 1.93592 -0.0591369 0.00956091 -0.00338339 -0.00641719 -0.00616645 -0.247412 -1.19478 0.0455338 -0.00736165 0.00260512 0.00493653 0.00427781 0.186863 0.921752 -0.0394246 0.00637394 -0.00225559 
0 0 0 0 0 0 0 0 0 0 0 -55.7969 17.295 -5.41257 -0.0435236 0.224028 0.0483582 5.44496 20.183 -0.211471 0.0232632 0.0099608 -0.0479875 -0.00549541 -1.13624 -4.42301 0.104923 -0.0115422 -0.00455312 0.0207341 0.000473559 0.479173 1.95004 -0.0686398 0.00755083 0.00289021 -0.0126225 0.000614141 -0.286126 -1.20565 0.0528508 -0.00581394 -0.00226787 0.00965538 -0.000904694 0.216177 0.931165 -0.0457599 0.00503389 
0 0 0 0 0 0 0 0 0 0 0 0 -73.0525 34.5648 0.0580647 -0.154397 0.431293 0.184911 7.99712 20.3427 -0.261485 -0.0135043 0.0344374 -0.0930487 -0.0290701 -1.67814 -4.50224 0.129737 0.00625179 -0.0154131 0.0404634 0.00844117 0.711451 2.00187 -0.0848736 -0.00400389 0.00963645 -0.0247565 -0.00318319 -0.426645 -1.24556 0.0653504 0.00315812 -0.00749336 0.0189966 0.00149246 0.323238 0.965718 -0.0565824 
0 0 0 0 0 0 0 0 0 0 0 0 0 -194.804 -0.145268 0.40153 -0.654645 1.54522 1.582 18.4258 21.303 0.0342088 -0.0896115 0.1452 -0.333803 -0.294213 -3.94836 -4.97867 -0.0159892 0.0401266 -0.0646804 0.145326 0.109666 1.70656 2.31356 0.0103076 -0.0250967 0.0402987 -0.0889927 -0.0584748 -1.0392 -1.48555 -0.00816117 0.0195195 -0.0312706 0.0683252 0.0407357 0.795053 1.17351 
0 0 0 0 0 0 0 0 0 0 0 0 0 0 -213.916 73.2032 -18.3861 9.30259 -6.05829 4.656 -4.0144 14.2623 -0.354359 -0.013487 -0.0307328 0.0144503 -0.00907207 0.00395857 -3.70851 0.162786 0.00279735 0.0143218 -0.00701144 0.00443838 -0.00205219 1.89571 -0.103694 -0.00026447 -0.009214 0.00463296 -0.00294819 0.0014116 -1.35124 0.0815337 -0.000490961 0.00728677 -0.00371961 0.00237383 -0.00115799 
0 0 0 0 0 0 0 0 0 0 0 0 0 0 0 -53.8364 21.9548 -4.31631 2.0086 -1.2185 0.936153 2.27478 13.4122 -0.383007 -0.0186711 -0.0134285 0.00342811 -0.00149437 -0.55564 -3.32046 0.166567 0.00657327 0.00605523 -0.00167371 0.000750557 0.273652 1.64961 -0.101915 -0.00329238 -0.00380648 0.00111031 -0.000506715 -0.191198 -1.15824 0.0782054 0.00217663 0.00296964 -0.000893368 0.000411601 
0 0 0 0 0 0 0 0 0 0 0 0 0 0 0 0 -37.8602 14.7339 -3.17095 1.63835 -1.11911 0.308966 3.93775 13.1069 -0.331466 -0.00778258 -0.0112609 0.0021214 -0.0681614 -0.92175 -3.18843 0.142892 0.00228139 0.00505819 -0.00106093 0.031692 0.443703 1.56918 -0.0868348 -0.000875534 -0.00317079 0.000714394 -0.0215146 -0.306591 -1.09669 0.0663487 0.000422338 0.00246954 -0.000579489 
0 0 0 0 0 0 0 0 0 0 0 0 0 0 0 0 0 -35.3972 13.739 -3.23326 1.87428 0.129482 0.619291 4.42219 13.0507 -0.302899 -0.013511 -0.00648145 -0.0298754 -0.13289 -1.02303 -3.16428 0.130624 0.00477327 0.00298065 0.0142959 0.0608961 0.48939 1.55453 -0.0794024 -0.00240052 -0.0019001 -0.00985853 -0.0410762 -0.337165 -1.08551 0.0606806 0.0015927 0.00149468 
0 0 0 0 0 0 0 0 0 0 0 0 0 0 0 0 0 0 -39.1193 17.403 -4.9951 -0.00149286 0.326482 0.749602 5.20103 13.0995 -0.297377 -0.0141195 0.00139857 -0.0746184 -0.158492 -1.2042 -3.18568 0.129194 0.00517189 -0.000955106 0.0355008 0.0719907 0.576326 1.56771 -0.0789854 -0.0027076 0.000756656 -0.0244073 -0.0483478 -0.397154 -1.09566 0.0605803 0.00185864 
0 0 0 0 0 0 0 0 0 0 0 0 0 0 0 0 0 0 0 -55.6167 33.5102 0.0448396 -0.0143801 0.632326 1.23772 7.34597 13.2997 -0.187344 -0.0112758 0.00703254 -0.145625 -0.262067 -1.72081 -3.27294 0.0852236 0.00566012 -0.0043524 0.0695856 0.11907 0.828803 1.6212 -0.053913 -0.00399772 0.00333368 -0.0479456 -0.0799534 -0.57288 -1.13675 0.0422187 
0 0 0 0 0 0 0 0 0 0 0 0 0 0 0 0 0 0 0 0 -171.881 -0.0811048 0.343427 -0.170886 2.11115 3.55537 15.4273 14.0452 0.021677 -0.0845333 0.0537335 -0.489223 -0.776043 -3.7425 -3.60928 -0.0112146 0.0418788 -0.0295001 0.234579 0.358613 1.83658 1.83271 0.00803406 -0.0293673 0.0216138 -0.161901 -0.242711 -1.281 -1.3018 
0 0 0 0 0 0 0 0 0 0 0 0 0 0 0 0 0 0 0 0 0 -210.817 72.827 -18.2693 9.31802 -6.02018 4.64669 -4.00749 13.3046 -0.300704 -0.045536 -0.0357838 0.00664678 -0.00722438 0.00228052 -3.8055 0.1538 0.020272 0.0177998 -0.00380937 0.00379969 -0.0012839 2.19827 -0.109799 -0.013351 -0.0125489 0.00286998 -0.00275737 0.00096473 
0 0 0 0 0 0 0 0 0 0 0 0 0 0 0 0 0 0 0 0 0 0 -51.434 21.915 -4.07281 2.05739 -1.18626 0.929484 2.15847 12.5599 -0.426421 -0.0719636 -0.0272133 -0.0018025 -0.00144902 -0.58286 -3.42668 0.209338 0.0329565 0.013044 0.000643537 0.000750251 0.32603 1.9286 -0.146211 -0.0221816 -0.00901532 -0.000362708 -0.000540929 
0 0 0 0 0 0 0 0 0 0 0 0 0 0 0 0 0 0 0 0 0 0 0 -35.1286 14.9192 -2.909 1.67151 -1.09621 0.314885 3.8166 12.1814 -0.425034 -0.0608628 -0.0227755 -0.000247645 -0.0747444 -0.972739 -3.2423 0.206257 0.0276884 0.0109096 -5.89901e-06 0.0386783 0.526539 1.80033 -0.143223 -0.0185782 -0.00753682 5.16739e-05 
0 0 0 0 0 0 0 0 0 0 0 0 0 0 0 0 0 0 0 0 0 0 0 0 -32.3853 13.8902 -3.00886 1.8579 0.13944 0.721347 4.42024 12.0844 -0.393056 -0.0549987 -0.010134 -0.0338004 -0.16081 -1.10008 -3.19574 0.190633 0.025217 0.00491587 0.0177693 0.0798106 0.58719 1.76817 -0.13234 -0.0169858 -0.00342095 
0 0 0 0 0 0 0 0 0 0 0 0 0 0 0 0 0 0 0 0 0 0 0 0 0 -36.0261 17.3396 -4.88082 0.0136133 0.406844 0.983784 5.25909 12.1414 -0.346019 -0.0276201 -0.00141541 -0.0957328 -0.213671 -1.30866 -3.22363 0.169297 0.0128301 0.000116736 0.049387 0.104074 0.698492 1.78763 -0.118052 -0.00868306 
0 0 0 0 0 0 0 0 0 0 0 0 0 0 0 0 0 0 0 0 0 0 0 0 0 0 -52.4872 33.1457 0.0509799 0.0607506 0.807832 1.5623 7.33631 12.3988 -0.169403 -0.0133455 -0.00692233 -0.191541 -0.342612 -1.86457 -3.34876 0.0858038 0.00735812 0.00105966 0.0993175 0.167999 1.00776 1.87463 -0.0609454 
0 0 0 0 0 0 0 0 0 0 0 0 0 0 0 0 0 0 0 0 0 0 0 0 0 0 0 -167.265 -0.0643397 0.396764 0.0563093 2.43825 3.99166 15.1279 13.1045 0.0199378 -0.102583 0.0149584 -0.593524 -0.931065 -4.04245 -3.70371 -0.0119531 0.0561046 -0.0173323 0.312827 0.47632 2.24827 2.1258 
0 0 0 0 0 0 0 0 0 0 0 0 0 0 0 0 0 0 0 0 0 0 0 0 0 0 0 0 -214.762 72.958 -18.2071 9.35538 -6.0084 4.65267 -4.00692 17.2333 -0.369128 -0.0649874 -0.0473671 0.00525387 -0.00923284 0.00234052 -5.76399 0.213433 0.0331027 0.0259283 -0.00389439 0.00532295 -0.00147753 
0 0 0 0 0 0 0 0 0 0 0 0 0 0 0 0 0 0 0 0 0 0 0 0 0 0 0 0 0 -55.2368 22.2842 -3.96511 2.13717 -1.18064 0.943674 2.75649 16.3141 -0.550639 -0.106565 -0.0426022 -0.00564733 -0.0021273 -0.876112 -5.23551 0.304989 0.0536393 0.0220315 0.00242326 0.0011695 
0 0 0 0 0 0 0 0 0 0 0 0 0 0 0 0 0 0 0 0 0 0 0 0 0 0 0 0 0 0 -38.772 15.408 -2.79096 1.74398 -1.10521 0.355402 4.67259 15.8247 -0.565378 -0.0967786 -0.0357383 -0.0014671 -0.0986505 -1.40496 -4.96793 0.307162 0.0478307 0.0184795 0.000520738 
0 0 0 0 0 0 0 0 0 0 0 0 0 0 0 0 0 0 0 0 0 0 0 0 0 0 0 0 0 0 0 -35.878 14.3633 -2.94123 1.89989 0.165166 0.787777 5.33164 15.6908 -0.524867 -0.0820284 -0.0142114 -0.0474393 -0.204785 -1.56652 -4.897 0.284704 0.0412231 0.00752019 
0 0 0 0 0 0 0 0 0 0 0 0 0 0 0 0 0 0 0 0 0 0 0 0 0 0 0 0 0 0 0 0 -39.6516 17.7134 -4.90602 0.0105288 0.48368 1.07645 6.32547 15.7717 -0.448762 -0.0377876 -0.000286189 -0.134945 -0.27257 -1.85833 -4.94093 0.247145 0.0198083 
0 0 0 0 0 0 0 0 0 0 0 0 0 0 0 0 0 0 0 0 0 0 0 0 0 0 0 0 0 0 0 0 0 -56.7347 33.4511 0.0654979 0.0563568 0.948563 1.66172 8.80784 16.1208 -0.208865 -0.0202875 -0.00514918 -0.266765 -0.424112 -2.64293 -5.13037 0.119572 
0 0 0 0 0 0 0 0 0 0 0 0 0 0 0 0 0 0 0 0 0 0 0 0 0 0 0 0 0 0 0 0 0 0 -173.727 -0.089889 0.490042 -0.0322757 2.72849 4.12061 18.3734 17.0036 0.0320713 -0.150232 0.0485405 -0.788186 -1.12117 -5.78788 -5.63194 
0 0 0 0 0 0 0 0 0 0 0 0 0 0 0 0 0 0 0 0 0 0 0 0 0 0 0 0 0 0 0 0 0 0 0 -233.635 74.0433 -18.0619 9.48075 -6.02831 4.68074 -4.0141 35.1887 -0.793173 -0.115713 -0.0941467 0.0144947 -0.0200083 0.00531533 
0 0 0 0 0 0 0 0 0 0 0 0 0 0 0 0 0 0 0 0 0 0 0 0 0 0 0 0 0 0 0 0 0 0 0 0 -72.2847 23.9723 -3.83615 2.31854 -1.21976 0.995988 5.20624 33.2386 -1.11012 -0.186637 -0.0820149 -0.00932157 -0.00452032 
0 0 0 0 0 0 0 0 0 0 0 0 0 0 0 0 0 0 0 0 0 0 0 0 0 0 0 0 0 0 0 0 0 0 0 0 0 -55.0054 17.0879 -2.69193 1.90189 -1.15367 0.399223 7.6733 32.3215 -1.10328 -0.165927 -0.0682416 -0.00175509 
0 0 0 0 0 0 0 0 0 0 0 0 0 0 0 0 0 0 0 0 0 0 0 0 0 0 0 0 0 0 0 0 0 0 0 0 0 0 -51.7912 15.9369 -2.90186 2.02328 0.254657 0.794787 8.32245 32.0899 -1.01935 -0.13975 -0.0269273 
0 0 0 0 0 0 0 0 0 0 0 0 0 0 0 0 0 0 0 0 0 0 0 0 0 0 0 0 0 0 0 0 0 0 0 0 0 0 0 -56.0243 19.1846 -5.01025 -0.0287132 0.678745 1.0199 9.71379 32.2677 -0.884106 -0.0676067 
0 0 0 0 0 0 0 0 0 0 0 0 0 0 0 0 0 0 0 0 0 0 0 0 0 0 0 0 0 0 0 0 0 0 0 0 0 0 0 0 -75.0368 34.7154 0.121711 -0.0651928 1.2653 1.45195 13.5522 32.9745 -0.432593 
0 0 0 0 0 0 0 0 0 0 0 0 0 0 0 0 0 0 0 0 0 0 0 0 0 0 0 0 0 0 0 0 0 0 0 0 0 0 0 0 0 -200.255 -0.230877 0.795431 -0.621766 3.44212 3.25595 29.355 34.8104 
0 0 0 0 0 0 0 0 0 0 0 0 0 0 0 0 0 0 0 0 0 0 0 0 0 0 0 0 0 0 0 0 0 0 0 0 0 0 0 0 0 0 -367.31 81.5591 -17.8218 10.207 -6.28708 4.88806 -4.08931 
0 0 0 0 0 0 0 0 0 0 0 0 0 0 0 0 0 0 0 0 0 0 0 0 0 0 0 0 0 0 0 0 0 0 0 0 0 0 0 0 0 0 0 -191.95 32.8519 -3.71471 3.10862 -1.46382 1.23208 
0 0 0 0 0 0 0 0 0 0 0 0 0 0 0 0 0 0 0 0 0 0 0 0 0 0 0 0 0 0 0 0 0 0 0 0 0 0 0 0 0 0 0 0 -168.633 24.798 -2.54721 2.47906 -1.32117 
0 0 0 0 0 0 0 0 0 0 0 0 0 0 0 0 0 0 0 0 0 0 0 0 0 0 0 0 0 0 0 0 0 0 0 0 0 0 0 0 0 0 0 0 0 -163.691 23.0081 -2.80768 2.39207 
0 0 0 0 0 0 0 0 0 0 0 0 0 0 0 0 0 0 0 0 0 0 0 0 0 0 0 0 0 0 0 0 0 0 0 0 0 0 0 0 0 0 0 0 0 0 -169.605 25.9503 -5.15815 
0 0 0 0 0 0 0 0 0 0 0 0 0 0 0 0 0 0 0 0 0 0 0 0 0 0 0 0 0 0 0 0 0 0 0 0 0 0 0 0 0 0 0 0 0 0 0 -195.688 39.9144 
0 0 0 0 0 0 0 0 0 0 0 0 0 0 0 0 0 0 0 0 0 0 0 0 0 0 0 0 0 0 0 0 0 0 0 0 0 0 0 0 0 0 0 0 0 0 0 0 -350.505 
===================

=== Solution ===
x1 = 1.70711
x2 = 1.35355
x3 = 1
x4 = 0.853553
x5 = 0.999999
x6 = 1.35355
x7 = 1.70711
x8 = 1.35355
x9 = 1
x10 = 0.646447
x11 = 0.5
x12 = 0.646446
x13 = 0.999999
x14 = 1.35355
x15 = 1
x16 = 0.646447
x17 = 0.292893
x18 = 0.146446
x19 = 0.292893
x20 = 0.646447
x21 = 1
x22 = 0.853553
x23 = 0.5
x24 = 0.146446
x25 = -2.95616e-07
x26 = 0.146446
x27 = 0.5
x28 = 0.853553
x29 = 0.999999
x30 = 0.646446
x31 = 0.292893
x32 = 0.146446
x33 = 0.292893
x34 = 0.646446
x35 = 0.999999
x36 = 1.35355
x37 = 0.999999
x38 = 0.646447
x39 = 0.5
x40 = 0.646446
x41 = 0.999999
x42 = 1.35355
x43 = 1.70711
x44 = 1.35355
x45 = 1
x46 = 0.853553
x47 = 0.999999
x48 = 1.35355
x49 = 1.70711
================

